163,199,247,254,246,247,206,216,250,247,249,245,254,242,184,196,201,209,189,188,185,189,185,186,185,186,199,178,197,182,248,244,185,189,186,198,203,211,184,196,254,245,187,188,184,195,252,247,187,182,185,190,250,254,197,207,174,218,249,242,183,192,239,186,242,251,200,202,188,195,248,238,175,188,181,208,181,181,246,248,250,253,196,203,173,213,248,246,187,180,96,45,30,44,35,58,57,49,40,33,32,43,59,39,52,67,41,36,35,35,14,10,6,10,3,1,10,7,3,6,5,13,12,2,1,0,0,0,1,1,2,4,11,14,12,8,6,31,165,203,182,188,183,175,179,198,139,37,42,49,51,50,24,20,44,52,54,45,41,46,46,35,49,60,54,36,31,29,36,43,52,29,6,0,0,1,16,32,43,59,60,52,49,54,49,57,48,40,27,12,12,24,24,15,18,29,40,23,13,13,24,33,21,14,9,12,11,6,9,7,3,1,3,6,8,8,8,11,17,17,12,5,3,3,8,11,24,87,61,25,36,51,57,68,75,51,46,90,126,151,133,62,106,134,115,102,78,93,128,134,83,59,35,47,108,55,24,24,20,17,13,5,2,5,14,12,5,13,13,11,12,20,10,2,3,2,19,48,6,3,17,11,16,9,2,1,4,1,14,32,37,40,34,22,11,16,22,20,22,26,26,27,29,31,32,33,34,35,38,49,41,37,41,45,47,47,49,48,48,48
76,135,161,139,154,204,174,160,148,142,120,202,205,212,182,160,148,167,186,147,183,121,178,122,177,159,203,149,204,145,252,247,184,126,89,112,146,169,187,122,202,189,92,81,113,130,198,211,180,149,179,156,249,255,153,157,148,188,217,215,183,147,136,99,209,225,156,150,99,102,243,221,106,117,146,185,165,166,254,248,250,255,154,158,145,186,251,223,95,87,78,48,30,25,32,46,47,43,35,39,38,36,50,42,50,36,26,29,16,19,10,3,2,3,2,1,3,4,3,2,2,8,7,1,1,0,0,0,2,1,1,3,17,17,10,7,4,25,121,161,168,165,167,167,171,156,127,60,58,64,65,45,26,32,40,50,58,45,45,46,44,31,42,50,64,56,38,31,33,46,53,37,21,20,22,31,55,64,56,61,67,55,56,69,65,50,23,11,13,21,33,43,47,38,16,27,39,41,42,35,32,45,52,25,7,2,5,4,2,2,1,1,1,4,7,10,13,11,19,17,8,4,4,1,13,26,31,72,105,118,114,164,161,128,89,46,69,112,116,149,101,59,73,58,64,68,60,51,94,84,27,29,31,61,66,24,12,14,6,4,3,0,1,8,11,5,18,16,19,16,19,4,7,16,9,5,51,37,6,10,7,18,29,3,1,0,1,4,32,46,45,47,45,47,47,53,55,53,52,53,53,52,51,52,49,47,49,51,56,58,59,64,64,65,68,70,71,71,73,73
99,131,133,125,159,164,180,158,126,159,150,255,236,223,139,215,171,154,143,196,168,137,162,141,135,215,173,219,175,210,255,244,140,191,121,148,166,156,168,148,234,217,119,123,133,148,229,226,138,196,140,207,255,255,167,160,187,142,219,211,142,199,190,138,212,225,169,147,124,144,249,224,126,135,161,150,179,185,255,252,252,255,168,159,188,145,219,206,125,128,69,42,39,47,62,61,57,50,51,54,49,48,48,49,55,33,34,36,13,6,5,2,1,1,1,1,2,3,8,4,2,5,4,1,1,0,0,0,2,1,1,2,16,14,5,4,3,23,120,181,186,191,193,194,200,200,166,70,66,66,60,44,31,42,51,52,55,55,46,41,40,24,32,48,56,72,63,58,41,30,36,40,43,43,52,54,53,63,72,73,75,66,67,58,51,33,13,7,8,15,34,52,52,34,19,21,34,43,50,47,41,48,38,11,7,4,2,2,1,1,1,1,1,2,6,9,9,12,18,21,14,3,0,0,9,28,31,64,117,148,136,175,227,192,121,87,99,107,123,79,45,36,38,31,38,33,34,30,9,26,41,37,53,72,46,12,5,2,1,1,8,28,29,20,25,40,55,55,57,46,19,21,49,58,33,15,52,23,14,26,25,34,18,1,1,1,1,14,57,63,60,60,62,60,59,61,62,62,64,65,64,62,66,73,77,79,81,75,66,84,84,86,89,89,89,89,88,88,87,86
210,221,216,218,217,219,222,220,222,225,227,235,236,230,209,219,215,214,211,216,213,221,217,218,215,219,223,232,224,232,235,231,215,219,222,224,219,216,217,220,237,238,219,225,219,225,234,233,221,220,215,222,234,235,220,214,218,222,228,223,214,221,235,227,224,226,217,222,225,222,231,233,213,219,217,222,229,227,235,236,235,231,217,214,217,225,224,227,222,208,70,45,66,78,71,63,51,47,41,44,51,47,46,45,36,38,45,40,17,13,17,5,2,2,1,1,2,7,15,7,2,2,2,1,1,0,0,0,1,1,2,5,22,17,3,2,10,27,117,205,201,203,204,205,205,206,173,67,60,49,39,35,25,59,64,47,50,60,55,32,39,20,20,49,57,71,65,59,54,26,30,38,36,40,40,40,47,46,50,62,79,83,68,50,41,43,31,16,19,10,14,26,26,10,14,18,17,22,35,44,47,35,17,18,30,9,4,3,1,1,2,2,2,2,5,7,4,6,13,10,7,1,2,1,6,19,31,48,96,104,127,148,156,132,105,72,84,58,27,15,16,24,18,15,42,44,44,50,39,53,81,89,92,84,39,7,3,3,2,19,56,78,77,76,76,81,80,82,79,75,60,67,80,77,43,41,68,58,41,48,62,52,7,1,0,0,1,25,56,56,54,55,56,53,54,55,54,54,54,53,52,52,54,56,59,60,63,57,50,59,59,60,68,75,84,90,91,87,82,79
27,28,31,33,36,38,31,25,32,37,39,37,41,40,38,36,39,45,46,52,49,49,54,47,48,51,52,54,53,53,50,58,63,59,54,49,43,47,55,61,51,63,65,68,72,63,56,63,91,69,52,48,66,102,81,64,59,63,61,60,68,57,53,57,61,67,62,65,78,84,53,54,64,70,67,67,76,74,80,90,80,76,70,53,54,80,77,69,70,93,68,55,52,44,50,60,45,41,40,43,50,40,35,29,14,27,45,36,29,28,22,10,5,1,1,1,1,9,13,4,1,1,1,1,1,0,0,0,1,1,1,11,30,15,1,2,10,14,94,199,204,202,202,201,204,205,178,69,55,29,10,10,29,67,53,54,57,53,57,38,35,13,12,40,56,55,45,26,35,42,39,38,36,26,30,45,53,55,49,51,64,73,77,73,63,42,37,51,57,35,17,13,16,20,14,11,13,17,28,42,45,22,21,46,29,4,1,1,0,0,0,1,1,2,7,10,2,4,8,5,2,2,2,2,1,2,14,34,38,34,46,46,67,69,59,37,42,47,46,60,56,73,88,91,108,118,101,89,87,86,87,89,88,68,40,15,14,6,38,79,86,85,83,83,82,78,74,73,73,61,46,58,38,32,28,62,64,61,57,58,59,27,0,1,1,1,4,36,53,53,53,53,55,55,54,53,52,51,49,46,43,44,43,42,43,43,44,45,43,39,38,39,37,44,62,93,97,84,77,76
0,0,0,1,2,2,1,5,15,25,24,14,16,19,19,20,25,31,23,25,30,24,26,27,25,25,25,33,38,38,40,44,44,35,24,29,37,25,11,23,35,46,43,36,43,32,31,24,34,50,37,25,72,78,47,33,45,49,49,27,41,38,35,35,36,36,46,43,48,70,48,34,30,37,40,45,52,57,60,57,54,55,63,48,27,56,60,50,60,68,63,60,39,25,33,44,35,28,47,47,47,36,32,24,19,29,32,48,43,35,37,29,12,3,1,2,5,7,10,6,1,1,1,1,1,0,0,0,1,2,1,8,19,4,1,2,2,1,75,179,198,201,207,210,214,220,190,75,36,10,1,2,38,42,36,72,58,48,35,34,32,11,13,33,44,33,39,21,25,43,29,25,24,21,39,54,58,56,46,58,66,61,78,89,84,55,51,53,46,48,43,23,22,33,21,23,27,27,29,40,54,47,43,33,7,5,3,2,1,0,0,1,2,4,7,9,4,4,7,8,3,2,1,2,2,2,12,29,30,37,68,76,79,96,110,112,119,121,125,127,124,124,122,119,118,115,108,101,97,95,92,93,87,65,49,38,42,45,64,73,71,70,69,67,66,65,63,62,63,60,62,62,49,31,53,73,60,59,57,58,48,8,1,1,2,2,16,50,54,52,52,51,51,52,51,50,48,48,48,48,47,46,45,45,45,45,43,40,37,38,43,48,59,79,89,83,76,75,72,69
2,3,2,1,2,4,11,26,25,23,38,40,32,24,16,17,23,28,22,18,18,19,13,16,22,23,20,16,33,42,40,51,61,47,30,29,25,16,15,19,23,24,31,47,44,30,34,33,48,40,30,31,69,55,34,48,52,53,53,29,40,46,46,55,55,44,48,48,46,70,70,40,33,37,42,53,58,68,63,48,51,58,62,36,26,65,63,63,67,52,53,61,49,29,25,30,35,34,35,45,43,30,24,27,16,20,31,56,51,43,43,30,7,1,1,5,8,5,7,6,3,2,1,1,1,0,0,0,1,1,3,12,10,1,2,2,3,0,62,192,209,210,209,210,209,212,192,75,10,2,3,7,37,13,45,79,58,31,8,8,17,9,19,31,33,16,27,28,28,42,34,24,18,28,42,52,50,50,44,59,63,52,66,77,87,78,50,21,18,38,46,39,31,28,16,40,49,38,42,50,57,47,19,2,2,8,4,2,0,0,0,1,4,5,2,2,3,2,2,5,9,8,8,7,3,10,16,30,37,47,92,116,119,116,114,111,106,103,102,97,92,90,87,85,83,79,80,76,73,71,69,70,66,63,61,60,63,66,67,65,64,63,61,60,58,59,59,57,57,56,55,56,57,56,70,61,50,52,53,54,32,2,2,2,0,4,34,49,45,44,44,43,45,46,45,44,43,43,43,43,44,43,41,38,34,33,34,36,47,57,72,82,83,78,70,69,65,66,65,64
3,2,2,4,14,21,25,29,25,16,27,28,23,22,17,14,18,23,28,20,15,7,4,4,5,6,5,4,14,26,37,48,51,45,36,26,16,17,30,31,23,15,32,33,24,25,31,29,42,32,30,39,42,23,25,45,42,32,31,43,32,33,44,47,54,52,36,37,48,51,73,43,43,48,54,49,54,60,53,44,44,55,59,43,43,67,58,61,53,47,53,64,60,41,27,29,33,23,12,16,25,15,8,31,23,28,45,61,54,41,30,21,9,3,2,3,8,4,3,4,3,2,1,1,1,0,0,0,1,1,2,8,3,2,1,2,4,2,52,176,198,209,210,217,218,221,205,72,0,2,2,11,11,21,69,75,46,13,9,5,7,6,21,21,12,9,15,21,34,32,29,33,27,27,38,50,43,48,47,49,53,59,69,72,67,69,47,15,23,44,38,40,50,45,27,39,51,50,30,29,21,12,4,1,2,7,6,1,0,0,0,1,1,2,3,2,1,1,2,9,16,33,20,11,10,26,18,28,36,49,70,84,84,81,79,78,78,76,73,76,76,74,73,74,74,73,72,72,73,72,70,68,57,62,70,69,70,70,68,65,66,65,64,62,61,63,62,59,56,57,56,55,53,64,68,53,51,51,51,46,10,2,1,1,1,19,44,43,43,43,44,44,42,42,42,41,40,40,39,39,46,47,44,39,41,46,52,57,67,72,71,64,60,57,59,56,56,55,59,70
3,2,7,19,24,18,24,19,13,14,16,20,18,15,9,6,6,11,19,16,12,11,9,5,2,1,1,2,3,9,23,32,38,41,38,36,23,22,28,31,24,13,20,25,22,28,31,30,28,23,22,44,49,28,20,28,29,24,24,36,26,25,45,50,56,52,38,35,37,39,64,53,46,49,58,58,54,53,51,40,34,44,54,63,67,68,53,45,47,52,59,63,68,53,26,25,25,12,3,5,13,9,13,36,23,22,54,64,51,43,38,31,16,5,1,1,3,3,3,3,1,0,0,0,0,0,0,0,1,1,1,1,1,1,0,1,3,2,42,175,204,210,211,209,209,213,202,75,0,1,2,8,3,37,66,73,35,7,11,5,5,3,20,19,11,12,8,14,30,25,21,31,35,25,28,54,44,42,47,44,42,52,65,63,49,24,33,16,37,50,53,57,60,54,31,20,22,16,6,4,2,1,4,5,6,6,3,1,1,1,1,1,2,2,3,3,4,3,7,11,15,15,18,18,12,20,15,24,31,45,64,77,76,76,76,77,76,75,75,76,77,77,76,76,76,75,74,72,73,74,75,73,57,65,73,71,67,66,66,65,67,67,65,65,63,61,59,57,56,56,54,54,56,79,59,52,51,51,52,27,1,1,1,0,7,30,39,37,38,38,37,35,34,33,32,32,31,29,26,27,29,34,46,58,66,63,58,54,53,51,50,50,50,50,51,51,49,42,40,39
2,2,10,18,13,10,17,16,5,5,6,9,19,19,7,3,2,3,6,6,3,7,12,12,15,12,8,5,5,5,9,15,22,29,32,34,31,26,24,20,13,9,13,28,34,32,30,21,13,15,14,21,36,40,30,27,33,43,23,17,20,28,30,40,45,42,41,45,40,38,57,66,41,30,42,58,49,46,53,32,30,39,35,43,58,63,57,49,54,54,53,66,93,64,28,24,24,12,4,7,12,6,9,21,7,20,49,51,45,46,45,36,21,7,0,0,1,1,1,2,0,0,0,0,0,0,0,0,0,0,0,0,0,0,0,0,2,2,32,162,201,214,217,219,222,222,217,89,0,0,2,1,6,26,40,43,25,10,12,8,5,2,10,11,13,13,5,7,18,30,34,34,35,24,35,55,44,29,39,46,42,45,38,29,35,14,21,23,26,33,46,48,37,31,28,12,4,2,2,5,3,3,12,17,14,6,3,2,2,1,1,1,1,1,1,2,3,7,11,6,15,11,7,10,10,12,21,18,29,54,76,80,79,80,79,78,76,75,74,75,76,77,77,77,76,76,74,72,71,72,72,71,67,68,67,64,63,62,60,59,58,57,55,55,51,50,49,50,52,46,45,41,65,85,43,40,39,32,20,7,0,1,1,1,6,18,23,23,22,23,22,20,21,21,19,16,16,14,19,32,42,48,53,54,49,48,47,46,47,48,49,48,51,53,53,52,43,38,37,35
1,2,4,4,4,5,8,10,4,1,1,2,7,14,9,2,1,0,0,1,1,1,2,5,17,21,23,21,10,10,11,10,15,23,25,27,21,19,28,14,5,7,16,19,23,26,24,15,11,17,21,20,24,18,21,26,29,27,19,12,24,29,18,23,35,41,42,54,56,43,44,72,45,41,35,42,46,45,48,34,18,30,23,40,63,62,55,60,57,41,51,70,74,49,37,22,25,14,6,7,5,3,3,10,4,16,24,24,37,42,42,36,25,10,1,0,0,0,1,1,0,0,0,0,0,0,0,0,0,0,0,0,0,0,0,0,0,2,24,154,202,214,214,216,218,218,221,103,6,1,0,1,3,5,11,9,20,27,18,14,12,5,2,2,4,9,4,6,17,29,35,32,35,27,26,32,27,24,31,44,51,50,40,26,20,21,20,12,12,14,19,20,21,17,17,12,6,4,1,1,2,6,16,19,13,8,1,1,1,1,1,1,2,2,1,0,3,10,5,4,10,21,23,25,31,43,53,60,66,74,79,79,79,80,80,77,74,73,72,73,75,74,73,72,71,71,69,67,66,66,65,62,61,61,58,54,52,50,50,48,43,41,40,39,35,34,34,34,32,29,29,32,73,51,18,16,15,12,4,3,2,2,4,4,6,9,11,12,14,15,15,15,16,15,16,20,28,40,47,48,46,43,43,45,47,48,49,51,54,55,57,58,60,60,60,59,61,59,58,59
2,3,1,2,5,5,2,4,5,1,2,2,1,3,6,1,1,1,1,1,1,1,1,1,7,10,17,22,13,7,9,14,18,23,23,23,23,19,15,11,10,12,13,17,19,23,19,20,13,12,16,13,17,25,18,11,13,17,20,19,27,26,29,36,46,47,43,45,49,45,33,63,64,50,36,37,40,35,41,42,37,39,45,50,58,65,66,59,48,55,51,47,61,61,44,18,17,13,10,15,8,4,2,3,2,5,7,19,41,43,41,40,29,15,8,5,1,0,0,0,0,0,0,0,0,0,0,0,0,0,0,0,0,0,0,0,2,3,17,145,204,214,215,223,226,224,223,113,13,10,3,2,2,4,2,8,29,36,27,13,15,8,1,1,2,8,5,7,23,36,41,34,43,43,27,15,17,16,34,49,49,44,42,28,21,16,9,6,12,16,17,24,32,10,3,4,3,2,1,1,2,4,6,10,10,4,1,1,1,2,4,5,10,18,23,24,28,38,42,47,53,63,68,74,79,80,82,81,81,80,79,79,78,78,76,75,73,72,72,73,73,71,68,65,64,63,62,60,59,59,58,57,55,50,47,46,43,41,38,36,32,31,28,27,26,25,24,23,21,16,16,43,73,23,12,9,12,13,10,10,14,15,16,17,16,16,17,16,16,18,19,19,24,28,38,50,53,52,50,50,50,52,55,57,58,60,61,62,64,65,66,65,65,66,65,64,63,62,62,64
0,0,0,0,1,3,2,3,1,1,1,1,1,0,1,0,1,1,1,1,1,1,1,1,7,8,5,4,4,2,2,4,10,18,25,32,35,30,25,18,11,8,10,17,13,15,17,20,21,13,16,15,14,17,12,7,12,29,23,28,25,26,35,53,54,48,43,46,54,50,40,51,65,47,34,44,42,30,34,40,46,49,61,73,72,82,64,43,43,57,59,56,63,73,58,15,13,20,13,10,8,4,2,1,3,3,4,22,46,50,54,49,34,23,21,18,3,1,0,0,0,0,0,0,0,0,0,0,0,1,0,1,1,1,2,2,2,3,14,131,195,209,213,219,222,223,224,127,16,22,18,5,1,3,3,23,35,24,27,14,17,17,8,2,3,6,8,10,29,38,41,42,38,50,42,11,5,5,30,34,31,31,16,12,13,3,0,1,7,22,22,27,35,13,2,2,0,0,1,2,2,4,4,6,8,9,14,21,31,36,44,50,55,60,68,73,75,78,82,83,84,83,82,82,81,80,81,81,79,78,78,78,78,77,76,75,74,72,72,72,69,67,64,62,60,60,59,59,55,54,51,49,47,45,42,39,39,38,34,32,31,32,31,28,26,25,25,25,22,19,22,63,58,20,21,24,27,26,24,24,24,24,24,25,24,23,22,22,25,27,37,51,60,61,61,60,57,57,58,60,63,65,66,67,67,66,63,59,57,57,56,56,55,55,54,54,55,53,50,50
0,0,0,0,2,6,5,2,0,1,1,1,1,1,0,0,1,1,1,1,1,1,1,1,5,6,3,2,2,1,1,2,4,11,19,26,34,38,35,34,19,4,8,10,8,15,16,16,23,18,17,14,13,9,15,24,19,35,24,18,21,36,31,35,45,46,45,46,46,47,50,46,68,48,38,45,34,34,34,35,45,48,44,49,57,68,58,47,46,50,54,50,70,74,63,47,22,19,17,6,7,5,3,3,7,6,1,16,48,57,60,46,38,30,23,20,5,1,1,1,0,0,0,0,0,0,0,1,6,6,3,1,2,1,2,3,3,3,14,116,198,216,220,220,223,221,222,138,24,18,21,19,1,0,9,36,32,12,17,13,12,13,23,12,6,7,6,16,29,35,34,28,32,38,21,7,2,1,4,5,11,23,15,26,37,23,19,21,8,21,35,24,22,16,13,15,17,22,29,35,43,47,49,52,58,64,72,76,79,80,82,84,85,86,88,89,89,89,88,86,86,86,84,84,82,82,82,82,79,78,77,78,77,76,76,75,76,74,71,71,69,67,66,65,64,63,62,60,56,55,52,51,51,49,49,46,44,43,41,40,40,39,40,41,38,38,38,37,36,36,51,73,47,39,40,37,39,38,36,34,32,32,34,36,35,32,37,49,60,68,74,73,70,67,67,70,71,72,73,73,73,74,74,70,61,55,50,50,48,48,47,47,47,47,48,48,49,48,47,46
0,0,0,0,3,8,6,2,1,0,0,0,0,0,0,1,1,1,1,1,1,1,1,1,1,1,3,7,4,1,1,3,5,9,13,17,24,29,33,40,35,21,9,8,4,6,10,16,16,15,12,8,6,6,18,29,15,18,12,17,30,27,34,44,48,43,40,39,37,42,42,41,65,55,36,45,45,48,49,22,21,34,45,38,43,46,65,62,55,59,48,35,46,43,45,43,25,13,19,8,6,11,9,4,5,5,3,8,39,57,53,45,34,29,38,36,15,6,1,0,0,0,0,0,0,0,0,1,4,6,3,1,2,4,2,2,5,11,14,105,195,211,212,211,213,208,210,134,32,15,5,12,3,0,12,33,15,12,14,9,11,5,21,26,21,21,18,26,32,42,43,34,42,46,39,27,15,19,18,18,23,39,47,56,76,71,68,59,27,49,63,62,64,66,67,68,68,71,77,81,83,85,84,85,87,88,87,85,85,87,88,89,90,90,90,90,92,93,93,91,90,89,88,87,84,84,84,84,81,80,79,80,76,78,78,78,78,78,78,79,76,75,74,73,71,69,66,64,61,60,59,58,58,56,57,57,55,54,54,53,53,52,51,52,53,54,54,52,54,54,68,69,51,52,50,50,51,50,49,48,46,41,42,49,62,75,86,88,86,80,76,77,77,80,82,80,79,80,80,80,81,81,77,72,67,68,69,70,68,68,67,67,70,71,71,71,69,70,68,77
0,0,0,1,1,4,2,0,1,1,0,0,0,0,1,1,1,1,1,1,1,1,1,1,1,1,3,3,3,2,1,2,5,11,15,20,22,22,33,44,50,49,27,6,2,6,9,9,10,10,8,10,8,12,16,11,10,14,31,52,64,51,52,54,43,34,39,47,42,45,43,44,52,69,42,60,59,60,69,42,16,17,30,42,26,37,63,51,41,38,42,35,44,42,38,39,32,15,16,10,3,7,7,3,4,6,4,19,42,54,53,48,41,37,36,33,29,16,5,1,0,0,0,0,0,0,0,2,9,16,19,20,19,16,7,7,11,9,9,81,176,184,176,175,166,165,157,110,33,7,2,3,2,0,14,29,6,6,17,11,13,7,10,26,23,21,28,39,37,34,38,41,49,48,45,46,41,40,49,59,63,63,56,58,79,84,83,66,36,67,72,70,70,73,74,75,78,79,82,83,86,89,90,93,95,95,94,93,91,92,92,92,92,92,92,91,91,92,93,93,92,90,88,87,86,86,86,86,85,84,83,83,84,86,88,87,86,85,83,82,79,78,77,76,73,72,71,69,68,67,67,65,63,62,63,62,62,60,60,58,60,62,62,62,63,66,65,63,62,64,73,66,61,58,57,56,57,56,56,55,56,64,80,95,102,97,89,84,83,86,87,86,88,87,87,88,86,87,87,86,86,85,84,83,81,82,82,80,80,80,80,80,79,79,78,77,77,83,102,112
0,0,0,0,0,0,0,0,0,0,0,0,0,0,0,1,1,1,1,1,0,0,1,1,2,2,1,1,2,1,2,5,8,12,16,24,33,31,39,45,47,48,43,24,6,11,10,6,7,11,10,12,20,13,6,7,8,23,31,36,43,45,31,49,55,43,46,53,47,44,46,56,61,84,60,69,67,66,62,54,21,10,15,21,14,34,59,41,26,23,24,30,45,51,50,44,30,12,12,11,3,1,4,5,9,10,9,18,62,63,46,46,37,34,24,28,31,18,13,4,1,1,1,1,5,17,30,33,31,26,31,23,21,29,30,28,26,9,2,49,147,160,174,187,198,208,188,159,37,0,2,3,2,7,18,9,2,2,8,19,14,4,2,8,16,16,21,30,26,16,15,19,29,34,34,37,32,27,30,44,56,60,62,65,74,73,63,54,51,61,62,69,69,72,78,83,86,88,91,93,94,94,95,97,98,97,96,94,93,93,93,93,93,93,92,91,90,91,91,91,91,91,89,88,88,89,89,89,91,90,91,92,93,92,89,87,88,87,85,84,84,84,83,82,80,77,75,74,75,76,75,74,72,71,71,70,70,70,70,70,71,71,71,69,69,70,68,64,62,64,65,64,62,61,59,58,57,59,71,85,100,105,105,98,92,90,90,91,90,90,91,92,91,91,89,89,90,90,90,89,86,86,86,86,83,82,82,82,81,81,80,77,79,78,75,81,98,115,120,119
0,0,0,0,0,0,0,0,0,0,0,0,0,0,0,0,2,2,2,1,0,0,0,0,1,1,1,1,1,1,7,14,13,16,22,19,28,35,42,54,50,45,43,35,26,17,5,2,5,11,17,20,26,30,23,7,14,55,34,34,55,55,50,54,65,50,55,71,65,59,64,66,62,78,73,50,51,43,35,24,18,19,23,19,19,39,47,44,45,47,46,48,48,52,58,70,61,31,20,25,17,5,3,2,4,7,7,18,88,85,43,44,28,25,31,39,23,13,14,5,3,1,1,3,21,54,63,35,24,22,19,4,9,30,31,26,26,13,0,58,200,211,219,214,225,225,190,148,41,2,2,1,4,21,20,1,1,1,2,6,5,2,2,3,6,10,16,23,17,19,21,13,18,29,35,38,39,25,16,31,39,59,71,74,75,79,81,83,85,87,90,93,94,93,94,96,94,95,97,99,98,99,99,98,96,96,95,95,94,94,94,94,95,95,95,94,92,93,94,94,95,97,97,96,96,96,95,94,93,93,93,94,92,91,90,89,88,89,91,91,90,88,86,85,83,82,80,80,81,82,82,82,82,82,81,81,83,83,81,81,80,80,78,76,74,75,73,70,68,65,63,63,64,62,64,78,93,106,115,116,107,100,96,96,95,95,95,94,93,94,94,94,95,94,93,92,89,89,88,88,87,86,86,86,86,85,84,84,84,82,80,78,79,83,97,115,121,121,111,77
0,0,0,0,0,0,0,0,0,0,0,0,0,0,0,0,2,2,2,1,1,0,1,2,1,1,1,1,2,7,17,24,24,20,22,21,20,19,23,37,40,46,46,36,36,31,8,1,11,18,19,35,41,41,38,30,28,69,69,31,40,60,58,57,69,37,38,63,59,57,65,65,69,62,73,47,39,38,30,28,30,31,34,31,28,29,31,29,40,50,46,48,62,69,77,89,87,82,85,91,81,42,20,16,17,16,13,19,69,103,96,42,32,41,43,36,17,9,11,3,1,1,2,21,41,50,57,37,22,30,35,27,21,18,8,6,6,4,3,38,161,165,156,165,114,72,60,41,26,3,2,1,15,24,6,1,0,2,2,3,2,1,1,2,3,4,7,12,13,19,26,16,13,25,35,45,54,49,23,27,39,71,92,71,65,71,69,64,63,68,75,80,89,100,102,98,97,97,99,99,100,101,101,99,97,97,96,96,95,95,95,95,94,95,96,95,94,96,97,100,102,104,105,105,104,103,99,95,94,93,92,93,94,94,92,92,92,92,90,89,90,88,85,84,85,85,85,86,86,87,88,87,87,87,86,86,85,84,81,80,80,79,79,76,73,73,72,70,70,71,72,73,84,101,114,125,122,116,108,102,101,101,102,102,99,98,97,96,97,96,96,96,96,95,93,93,90,90,89,89,89,88,88,86,85,84,84,84,84,80,80,86,104,117,119,119,109,81,58,45
0,0,0,0,0,0,0,0,0,0,0,0,0,0,0,0,1,1,0,0,0,0,2,5,5,4,2,2,7,16,22,23,28,30,24,18,14,12,15,17,28,41,46,38,41,48,39,20,31,31,27,36,40,40,34,40,40,75,127,51,29,48,48,47,53,50,30,32,32,55,65,57,52,45,74,66,55,48,38,32,36,35,36,37,32,34,42,57,67,69,65,75,80,88,101,100,93,92,93,89,82,75,78,75,71,69,70,73,123,146,144,84,63,57,38,32,16,7,9,3,1,2,11,32,45,38,52,40,27,52,61,49,22,9,3,3,2,2,4,11,29,34,55,155,70,12,12,10,9,1,1,2,12,8,1,2,2,1,1,3,2,2,2,2,2,3,7,15,14,15,26,26,31,33,31,45,41,34,21,19,33,43,57,57,62,53,41,37,43,59,68,83,87,99,101,101,101,101,101,101,100,99,98,98,98,97,95,94,94,94,94,94,96,97,98,98,96,98,101,102,101,102,102,102,102,102,100,97,96,95,94,94,95,95,93,92,90,90,88,88,88,87,86,86,88,88,89,90,88,89,88,87,86,86,85,85,85,83,81,79,77,77,77,75,73,71,70,71,75,84,99,112,125,124,118,111,106,106,105,103,103,102,100,100,99,98,97,96,97,96,95,95,95,95,93,93,93,93,91,91,90,88,87,87,85,85,84,83,81,83,102,120,129,123,118,86,59,48,40,38
0,0,0,0,0,0,0,0,0,0,0,0,0,0,0,0,0,0,0,0,0,0,0,1,6,11,9,8,19,29,20,13,23,35,34,18,12,21,26,24,34,45,43,32,38,53,64,50,43,50,32,30,39,39,37,37,43,57,114,82,46,49,53,44,60,87,70,57,52,68,68,52,41,35,56,73,49,53,55,55,61,66,71,76,80,87,92,96,93,96,92,87,79,80,89,88,90,90,90,91,94,98,102,104,105,105,106,106,140,151,117,100,107,96,80,45,18,16,11,2,2,7,12,25,53,44,45,32,25,59,59,56,13,3,1,1,1,1,1,6,18,15,38,169,87,11,9,4,1,1,1,3,4,2,5,8,4,2,5,9,5,3,6,5,2,6,11,16,10,5,12,27,42,26,21,40,41,17,13,12,21,22,25,45,63,60,60,63,66,81,91,97,100,100,101,101,101,100,99,97,95,94,96,96,96,95,93,91,91,92,95,97,98,99,100,100,100,103,105,102,98,97,97,96,95,96,97,97,98,97,97,96,98,96,93,92,93,93,92,91,91,92,95,95,94,93,90,89,87,87,88,88,87,85,82,82,84,81,79,79,77,77,76,74,75,80,89,106,119,120,118,115,112,109,107,108,107,106,105,104,102,101,99,97,98,98,97,96,95,95,94,94,93,93,92,92,94,93,92,90,88,88,88,88,86,85,83,83,96,121,125,125,118,92,62,51,49,45,41,39
0,0,0,0,0,0,0,0,0,0,0,0,0,0,0,0,0,0,0,0,0,0,0,0,1,4,9,13,26,34,25,22,19,30,38,23,22,28,35,31,35,43,48,40,36,49,54,42,41,62,68,79,96,74,52,51,75,70,72,81,59,57,94,97,98,93,87,86,84,87,82,71,70,76,75,85,78,80,84,89,89,92,95,96,96,95,95,96,97,98,97,98,100,100,102,102,104,104,104,104,104,105,107,109,109,109,109,109,127,144,116,116,114,89,77,41,28,23,10,2,2,12,15,25,51,50,49,30,22,52,38,30,5,1,0,1,2,1,1,3,9,6,34,159,86,8,5,3,2,3,8,5,2,3,9,18,9,5,8,11,5,1,4,5,3,4,5,6,6,3,9,14,16,12,11,18,21,18,12,10,17,22,26,40,46,52,64,75,84,96,103,104,105,102,99,96,94,94,94,93,92,92,94,94,96,98,98,96,94,95,95,96,96,97,98,99,101,103,104,100,96,96,95,93,92,93,94,96,98,97,97,96,95,95,94,94,94,95,98,100,100,99,98,98,97,95,92,90,89,89,89,88,85,84,81,79,75,77,78,75,72,69,79,95,114,133,137,132,123,115,109,109,110,109,108,107,105,104,102,100,98,98,98,98,99,98,96,95,94,93,93,92,94,94,93,93,93,92,92,91,89,89,89,89,84,85,95,116,127,130,132,109,74,54,52,51,49,46,44,43
0,0,0,0,0,0,0,0,0,0,0,0,0,0,0,0,0,0,0,0,0,0,0,0,1,0,5,7,18,24,10,19,25,30,32,25,26,23,37,26,20,36,51,53,58,65,57,44,52,76,119,142,154,133,102,101,110,88,60,92,87,73,87,100,100,91,92,90,93,101,101,94,93,96,87,90,75,90,100,99,99,98,99,99,98,95,95,97,99,98,99,102,102,105,106,108,110,112,113,115,116,116,116,116,116,116,116,117,136,137,108,126,105,60,31,22,31,26,11,3,6,19,20,25,38,53,46,32,39,49,23,8,1,0,0,1,2,1,2,6,8,16,41,139,86,8,7,5,3,7,16,7,1,3,8,18,16,6,4,3,1,1,2,2,2,2,1,1,2,2,8,10,3,3,2,2,5,13,18,17,20,28,38,53,55,50,53,66,72,86,101,104,100,98,94,91,90,91,93,94,93,93,94,96,99,101,103,102,99,98,97,95,94,94,96,96,100,103,103,101,99,98,97,95,93,93,94,96,98,97,97,96,95,95,96,97,97,97,98,100,98,94,93,93,91,88,90,89,83,84,86,87,87,85,81,77,71,71,76,83,95,118,137,142,139,128,119,115,113,113,112,111,109,108,105,104,103,102,100,97,94,94,95,96,96,95,95,94,93,94,93,94,95,95,95,94,93,92,92,92,89,89,87,87,84,87,103,111,102,108,100,85,75,62,55,56,53,50,47,46
0,0,0,0,0,0,0,0,0,0,0,0,0,0,0,0,0,0,0,1,1,1,1,1,1,1,1,2,6,9,12,23,27,30,28,37,41,33,29,17,12,26,38,68,87,96,95,90,93,80,89,124,123,113,116,122,111,83,65,96,88,73,78,98,100,101,98,100,101,101,100,99,98,97,97,90,64,82,95,93,92,90,93,94,97,98,99,101,105,106,107,111,113,117,115,119,120,121,122,124,124,123,122,122,123,123,123,124,130,100,54,92,87,53,31,37,46,44,34,28,39,44,46,37,43,58,41,52,47,29,10,3,1,2,1,3,7,4,1,3,3,11,33,122,83,8,10,6,7,18,15,4,2,3,2,8,15,4,1,1,1,1,1,3,1,1,1,1,2,1,3,4,1,1,5,9,14,17,24,42,47,45,48,57,60,60,61,71,83,92,100,99,95,96,96,96,95,95,96,96,96,97,98,99,100,101,102,101,100,99,98,97,95,95,96,98,100,104,104,103,102,100,97,96,96,94,95,98,98,97,97,96,95,95,95,95,95,95,97,100,95,92,93,95,90,83,85,84,81,79,77,76,76,76,73,71,80,100,125,140,148,142,130,121,116,114,116,114,113,111,110,110,107,104,103,101,100,100,99,97,96,96,95,94,94,95,95,96,95,95,96,96,96,96,95,95,94,93,91,90,88,88,86,86,85,83,79,75,72,66,64,76,83,74,70,71,68,66,65,65
0,0,0,0,0,0,0,0,0,0,0,0,0,0,0,0,1,0,0,1,3,6,9,10,5,9,19,26,27,30,33,17,20,27,34,44,50,46,19,14,11,20,21,55,86,87,88,89,87,73,61,82,86,72,92,85,67,56,59,60,54,50,58,84,97,97,95,95,95,94,91,90,90,89,90,90,86,83,91,97,101,102,103,104,108,110,113,115,115,116,117,118,120,121,121,121,122,122,123,123,122,122,123,124,125,125,124,124,126,92,31,55,70,49,40,54,55,52,47,39,43,57,59,43,46,49,48,49,28,6,1,1,1,1,1,2,11,17,12,4,2,6,17,116,92,9,7,7,10,17,8,2,2,2,2,2,3,2,2,3,4,4,4,3,2,2,1,3,3,1,0,2,3,3,17,39,42,33,33,46,55,58,52,44,64,79,77,81,88,91,92,95,96,96,98,98,97,94,95,97,99,99,99,98,100,99,98,98,96,96,98,99,97,98,98,99,102,100,102,100,99,99,97,97,98,98,99,100,100,100,99,99,97,98,99,99,98,98,96,96,94,92,92,92,86,84,85,77,72,72,70,69,69,80,98,122,142,147,142,131,123,118,116,117,116,114,114,113,111,108,105,104,102,102,101,100,97,97,97,97,98,98,98,98,98,98,97,97,97,97,95,95,95,95,95,95,93,91,90,89,88,86,85,84,81,80,73,69,69,70,74,75,71,71,69,68,68,66,61,57
0,0,0,0,0,0,0,0,0,0,0,0,0,0,0,0,1,0,0,1,5,7,8,9,6,8,20,25,35,43,48,35,24,18,13,42,40,52,52,30,15,26,28,31,46,45,45,45,40,42,42,43,42,41,55,54,49,49,42,42,46,51,67,69,84,88,86,84,86,86,87,91,94,97,101,105,108,110,108,110,109,110,113,114,115,116,116,117,119,119,120,120,122,122,123,123,124,124,124,125,126,127,128,129,130,130,131,133,131,110,45,46,64,62,50,48,55,58,48,23,33,70,47,27,26,30,50,38,7,6,3,1,1,1,1,3,14,16,33,19,1,1,13,110,100,14,10,7,4,4,5,2,2,1,1,2,1,3,7,8,9,8,10,10,2,9,16,4,1,1,3,6,7,15,26,53,64,55,44,46,55,64,58,38,51,71,82,86,87,91,90,94,99,99,99,99,98,97,97,98,98,99,99,98,95,95,96,96,95,95,98,99,97,97,97,98,100,98,100,99,100,100,97,97,99,98,98,99,98,98,99,99,99,100,101,101,99,96,92,90,90,89,88,85,81,79,79,77,76,80,90,102,126,150,157,149,136,125,121,121,120,119,117,116,115,113,111,108,106,105,103,101,99,99,99,99,98,98,98,98,99,99,99,99,99,99,98,98,97,97,95,95,95,94,94,93,91,90,89,88,87,86,82,80,77,73,70,73,80,80,74,68,67,66,65,63,62,62,61,58
0,0,0,0,0,0,0,0,0,0,0,0,0,0,0,0,0,0,0,1,6,6,7,8,7,6,10,17,26,36,44,42,36,28,34,57,54,80,85,48,24,18,22,22,17,17,18,18,21,24,27,29,35,37,38,40,38,39,41,45,52,59,59,63,83,93,99,103,108,114,115,114,116,115,113,111,110,111,110,112,111,112,113,114,117,117,117,117,120,120,121,121,120,121,121,122,124,124,124,125,126,127,128,129,129,128,127,126,126,124,63,55,68,89,74,55,53,53,46,51,49,62,54,33,16,25,52,34,18,15,3,2,1,0,1,11,27,11,28,30,4,10,23,105,106,26,27,11,3,4,5,3,1,3,5,5,7,12,14,13,12,13,15,18,20,41,53,19,11,14,23,27,18,21,20,34,54,52,36,34,53,65,71,53,58,75,90,93,93,96,95,98,98,96,95,95,96,96,96,96,97,99,99,99,99,99,100,100,97,96,96,97,96,96,95,95,96,98,97,98,100,98,96,95,94,94,95,96,98,99,99,99,101,101,101,100,97,93,90,89,88,85,83,81,79,75,80,94,110,133,153,159,154,141,130,123,122,127,125,121,121,120,117,115,113,110,107,104,104,103,102,100,99,99,99,99,100,100,100,100,101,101,101,101,100,100,100,99,97,97,95,95,94,93,92,90,89,88,86,85,84,81,78,75,72,75,80,86,83,77,72,72,66,64,63,62,61,61,61,59
0,0,0,0,0,0,0,0,0,0,0,0,0,0,0,0,0,0,0,1,3,4,8,13,21,26,18,22,29,34,35,34,27,20,22,42,61,88,82,56,38,14,8,11,12,11,11,11,22,27,30,39,45,54,58,60,66,76,81,81,84,88,90,95,100,102,104,107,108,113,118,124,127,128,131,133,133,124,126,128,122,120,118,116,116,115,115,115,119,120,120,120,119,120,120,121,122,122,123,123,121,122,123,124,124,122,120,119,120,119,87,68,65,73,69,54,57,55,58,51,33,52,55,42,29,40,52,28,15,8,1,1,1,0,8,28,41,27,17,13,7,24,39,102,114,34,22,12,6,12,10,4,6,15,24,25,19,17,14,13,12,16,13,24,48,66,54,31,23,25,38,43,33,24,19,25,29,30,15,15,41,60,71,76,85,89,99,97,96,99,98,101,99,97,95,94,98,99,99,98,99,100,101,101,103,102,101,100,99,97,96,96,98,98,97,96,97,100,97,100,102,100,97,96,97,98,101,104,104,104,103,102,100,98,96,93,92,87,86,88,87,82,79,82,91,104,124,149,161,159,145,128,125,120,122,120,121,123,123,123,122,119,117,115,113,110,108,106,104,103,103,102,101,101,102,102,101,101,101,101,102,102,102,102,101,100,100,99,97,97,95,95,93,91,90,89,88,86,85,83,79,76,73,73,79,84,82,78,78,78,76,73,68,67,64,63,62,61,60,57
0,0,0,0,0,0,0,0,0,0,0,0,0,0,0,0,1,0,0,1,1,1,4,9,17,24,23,19,22,26,28,30,24,17,22,46,52,72,82,61,57,36,28,32,36,43,47,53,61,69,77,84,87,89,92,96,99,102,102,104,106,109,111,112,107,105,105,109,112,111,113,114,112,114,119,115,113,106,119,135,138,139,140,140,139,137,135,133,130,127,123,119,116,115,115,116,116,117,119,120,117,119,120,120,121,121,120,118,118,120,108,66,91,72,57,53,68,55,46,39,43,63,58,49,43,52,49,26,17,3,1,0,1,7,34,44,39,24,9,12,31,40,32,90,119,29,13,18,20,26,30,18,26,32,39,36,27,16,17,16,18,22,31,56,65,65,39,29,29,19,34,33,32,43,51,54,45,25,6,11,21,37,62,78,84,83,86,92,92,94,97,99,99,99,100,101,102,101,101,102,104,105,104,102,101,101,101,100,99,98,100,102,103,103,102,98,96,96,96,96,99,99,100,102,102,100,98,98,97,97,95,94,94,93,87,81,83,84,83,86,86,92,109,135,159,169,157,140,133,130,125,125,125,123,122,122,123,122,121,120,119,118,117,116,114,111,109,107,106,105,103,103,103,103,103,103,103,102,101,101,102,102,100,100,101,98,100,97,96,95,93,92,91,90,88,86,86,84,82,80,75,69,74,80,72,69,70,72,72,70,68,68,67,64,61,58,54,51,50,46
0,0,0,0,0,0,0,0,0,0,0,0,0,0,0,0,1,1,0,0,1,1,1,3,5,6,8,7,10,11,14,19,26,36,43,42,53,59,64,54,50,58,54,45,51,62,60,72,81,89,95,98,98,99,101,102,103,105,105,106,108,109,109,109,107,108,109,109,108,111,111,110,112,116,115,107,105,106,119,126,130,133,137,137,133,132,135,136,138,142,145,145,143,142,140,138,133,130,126,124,124,122,119,119,120,120,119,118,115,118,122,66,86,92,81,69,67,54,43,49,60,66,62,45,21,36,34,8,7,3,9,20,12,21,35,30,19,11,8,28,46,45,29,81,124,49,36,47,42,40,41,38,44,46,53,46,32,28,38,30,26,53,75,79,78,72,54,40,30,28,41,43,41,42,51,56,44,16,5,13,17,30,58,68,67,69,76,83,88,92,95,95,96,97,98,99,99,100,100,99,100,100,100,101,95,96,98,99,101,105,106,106,104,103,102,99,96,96,96,96,97,100,100,99,99,99,98,96,96,96,90,86,83,86,88,86,83,89,96,115,143,163,174,169,152,134,127,129,126,129,128,126,126,125,124,124,123,122,120,119,118,117,115,113,112,110,108,106,106,106,105,105,104,104,104,104,104,104,103,103,102,102,100,100,100,97,98,96,94,94,91,90,89,89,87,85,83,83,78,72,73,82,90,82,73,73,71,69,64,65,64,63,62,59,56,53,49,46,45,38
0,0,0,0,0,0,0,0,0,0,0,0,0,0,0,0,1,1,0,0,0,0,0,1,4,2,5,7,10,7,6,10,21,28,27,33,34,22,21,24,21,29,37,34,47,66,66,78,87,92,95,97,98,100,103,103,103,104,104,106,112,111,111,111,115,117,118,119,121,123,124,124,125,125,124,125,122,120,123,120,116,118,118,117,119,118,119,117,118,118,121,126,131,134,138,141,147,148,149,150,150,145,140,137,137,133,126,120,120,120,116,87,89,104,86,75,69,48,52,60,57,57,45,38,18,13,11,4,4,27,57,62,51,31,21,10,10,12,40,57,59,53,46,80,128,73,61,55,51,49,47,53,63,61,49,49,50,60,65,58,57,75,76,67,82,74,53,28,19,30,33,30,39,35,15,19,15,19,25,26,39,49,64,68,67,71,80,87,89,93,97,97,96,96,98,98,98,100,101,100,99,99,100,100,97,98,98,99,101,105,106,106,104,102,101,101,101,101,101,101,101,102,101,100,96,97,97,96,96,94,87,83,85,87,91,98,115,136,163,178,174,160,144,120,95,80,85,102,105,122,131,126,125,122,119,119,118,117,115,114,112,111,110,109,110,109,108,107,106,104,104,105,106,106,106,106,104,104,104,103,102,102,100,100,98,96,97,95,92,91,88,88,88,88,85,83,81,76,75,80,87,90,79,73,70,68,65,62,60,62,63,63,63,62,61,61,58,55,53,48
0,0,0,0,0,0,0,0,0,0,0,0,0,0,0,0,1,1,0,0,0,1,0,1,2,1,2,3,3,2,1,4,9,10,13,18,16,14,14,12,7,6,16,41,62,74,79,96,106,106,106,110,112,113,112,111,111,111,111,113,116,113,110,110,110,110,113,115,114,114,115,116,116,119,114,115,117,112,114,113,110,112,114,114,114,115,118,119,119,117,115,114,112,111,111,110,112,115,122,126,129,134,140,144,144,143,140,136,134,131,124,121,121,112,94,83,56,45,74,67,53,49,55,58,41,32,25,16,30,64,72,49,47,35,19,23,27,24,75,62,55,53,48,78,131,81,61,60,58,71,84,74,77,66,56,59,53,50,53,61,57,55,53,48,52,43,25,13,15,20,17,24,22,18,5,5,9,22,33,39,49,61,64,70,72,76,84,89,94,96,99,102,100,101,102,103,102,102,103,105,105,106,105,102,100,100,100,100,98,98,100,103,105,103,101,101,99,98,98,99,98,96,95,95,90,89,90,92,93,88,82,83,93,108,135,159,179,181,165,148,136,132,109,60,41,41,33,35,52,98,127,125,121,117,113,111,111,110,109,108,108,108,109,109,109,109,109,108,106,106,106,107,107,107,107,107,104,103,103,103,102,102,100,100,97,95,96,93,90,89,88,87,86,84,80,76,75,79,86,94,97,89,86,80,72,68,67,68,72,76,79,79,79,81,82,83,82,76,75,75
0,0,0,0,0,0,0,0,0,0,0,0,0,0,0,1,1,1,0,0,0,0,1,1,1,1,0,0,1,1,1,2,4,7,9,12,16,15,12,8,5,3,6,27,54,73,71,84,101,101,103,102,100,100,99,101,99,97,98,101,103,105,107,106,104,106,108,108,108,110,111,110,111,112,111,110,109,109,109,109,110,112,113,113,111,112,113,113,111,111,112,113,112,111,112,111,110,111,111,109,104,105,108,111,116,115,127,137,139,142,141,141,133,108,76,65,52,52,68,56,39,46,67,77,70,60,54,53,66,76,59,46,54,49,41,50,45,38,66,39,49,62,70,95,149,81,56,65,63,68,72,46,47,52,54,50,46,50,54,48,51,45,28,25,22,21,16,6,10,27,41,62,31,3,3,8,18,24,34,43,54,62,66,70,76,82,89,94,99,101,101,103,103,102,100,101,102,104,106,106,102,101,100,99,99,101,102,103,100,101,103,103,102,102,100,100,99,96,95,98,97,91,89,94,93,90,87,87,87,92,107,133,161,179,182,170,153,140,133,134,131,101,52,27,18,20,25,50,96,113,119,118,119,117,115,113,112,111,110,110,110,109,109,108,108,108,108,108,108,108,108,108,108,107,107,106,104,103,102,102,103,102,100,98,95,95,93,91,89,88,88,87,83,77,76,81,88,94,89,89,86,84,87,90,86,91,94,93,94,89,87,83,76,71,69,69,67,64,65,68
0,0,0,0,0,0,0,0,0,0,0,0,0,0,0,0,0,0,0,1,1,0,0,0,0,0,0,0,1,0,1,1,2,5,6,6,7,6,5,4,2,2,3,9,18,31,44,63,77,92,98,98,99,100,99,101,101,100,101,102,101,104,104,103,104,106,108,108,109,110,109,106,108,106,105,106,106,106,106,108,110,113,115,115,113,112,111,110,112,111,111,112,109,109,113,115,112,110,109,110,105,104,101,100,101,97,100,112,139,152,154,151,142,122,93,77,63,52,60,66,60,59,70,77,61,43,56,58,74,74,49,29,26,29,32,41,42,21,26,38,55,59,60,75,153,80,44,43,37,35,29,13,12,38,57,74,79,83,90,71,71,46,27,32,25,22,15,27,40,53,56,65,42,14,19,29,38,46,55,61,65,71,75,79,88,94,100,102,103,104,106,109,110,108,106,105,103,101,101,100,99,98,97,97,100,104,107,107,103,103,102,101,100,98,100,97,97,96,95,95,94,93,92,92,92,87,91,108,131,158,180,187,177,158,141,136,134,136,134,136,108,50,24,20,10,19,50,82,115,120,118,119,120,119,117,114,114,114,114,114,112,110,109,109,110,110,110,109,108,108,108,108,108,107,107,106,104,103,102,101,102,101,98,94,93,93,92,91,91,88,84,81,77,77,88,104,113,110,98,99,99,97,95,91,90,91,91,90,93,93,91,93,86,75,80,83,83,81,80,81
1,1,1,1,1,1,1,0,0,0,0,0,0,0,0,1,1,0,1,1,1,1,0,0,0,0,0,0,1,1,1,1,2,4,4,6,12,7,4,5,4,5,10,19,30,30,34,46,51,72,88,88,95,99,99,101,102,102,102,100,102,105,104,103,106,112,111,105,105,105,107,106,104,102,103,104,104,104,105,108,110,112,112,111,108,110,113,115,113,111,111,112,108,105,109,112,110,107,106,105,100,101,101,99,97,99,101,115,142,146,145,144,136,123,103,83,68,59,58,64,78,60,63,76,57,55,44,31,66,58,40,10,2,8,18,25,16,6,32,50,49,67,57,67,133,93,56,47,37,28,17,28,57,74,77,86,70,67,80,75,70,53,26,45,49,49,47,46,39,47,52,63,47,49,53,63,69,75,80,83,85,87,91,95,97,102,106,106,108,109,110,113,113,110,108,106,101,98,97,97,100,100,100,100,101,102,103,104,103,100,97,95,93,93,98,98,95,92,91,95,96,94,92,94,106,127,154,179,188,177,160,143,134,136,138,135,134,135,136,128,54,12,7,4,3,40,82,85,107,121,121,121,118,118,117,115,115,116,116,116,112,111,110,109,108,109,109,108,110,110,110,110,108,107,107,106,104,103,101,100,99,99,96,93,91,91,90,88,87,80,77,80,93,103,106,101,98,92,92,89,86,86,85,81,81,77,76,80,78,76,71,72,72,70,78,78,75,72,71,72
1,1,1,1,0,0,0,0,1,1,1,0,0,0,0,0,1,1,1,1,1,1,1,1,1,1,2,2,2,1,1,2,7,5,5,9,16,16,17,17,17,19,23,21,26,32,35,45,52,67,66,63,86,90,92,94,95,96,95,92,97,102,101,102,104,103,102,102,103,104,106,107,104,104,103,102,102,102,104,106,107,108,108,108,107,108,110,111,107,107,109,110,107,102,104,106,105,106,104,100,98,100,99,97,97,99,106,123,135,141,142,141,138,132,123,108,99,91,82,84,82,61,59,65,54,47,18,7,25,27,20,2,3,7,20,25,20,25,36,42,35,58,61,82,135,89,61,68,55,52,73,86,85,73,77,63,43,37,32,41,38,29,19,40,54,56,54,48,33,42,54,69,68,71,76,82,87,87,89,91,92,93,95,100,102,103,106,107,107,107,108,110,104,101,102,101,99,100,101,100,102,102,102,102,100,98,99,102,102,98,95,95,94,94,93,92,91,89,87,89,93,103,128,154,181,191,185,167,149,139,138,138,139,138,137,138,136,134,138,119,26,1,1,1,12,61,77,72,108,121,118,118,117,118,118,118,116,115,115,114,111,110,110,109,110,111,111,110,110,110,110,110,108,107,107,106,104,103,101,98,97,96,95,94,92,90,88,84,80,79,89,104,110,113,106,94,95,95,94,88,86,87,88,84,86,93,92,83,74,70,70,67,65,64,62,61,59,58,58,58
2,0,0,1,2,1,1,1,2,4,6,3,1,1,1,1,1,1,1,1,1,1,5,5,3,4,10,9,4,2,1,1,4,3,5,10,11,11,20,19,20,24,22,20,28,34,36,34,33,34,28,39,67,70,83,89,90,90,90,91,92,93,95,98,100,97,96,100,101,103,104,104,103,103,102,100,100,102,105,105,107,106,105,104,103,106,108,107,107,108,109,108,109,107,105,105,105,105,103,100,101,99,97,96,94,96,99,103,112,121,128,131,134,133,131,131,129,125,121,117,105,91,86,80,67,62,51,44,48,50,37,31,30,31,40,35,35,33,29,29,20,19,34,60,132,106,70,62,59,67,78,81,59,37,37,24,25,18,8,1,2,2,15,36,57,55,47,53,56,60,69,78,83,85,88,91,95,97,99,99,100,102,103,103,102,101,102,101,100,101,104,105,102,101,102,103,102,106,107,105,104,103,102,103,102,99,99,98,100,97,97,96,92,91,87,87,89,94,104,126,155,179,190,184,170,155,144,142,142,142,141,140,139,139,138,137,135,134,136,118,22,6,24,13,39,77,75,83,112,121,120,122,121,120,119,118,116,115,115,114,112,112,112,112,114,114,113,112,111,110,110,110,109,108,106,105,103,101,99,98,97,95,97,92,91,86,80,80,88,100,109,125,119,102,95,100,110,105,92,87,91,98,97,88,83,88,99,94,82,82,83,83,77,70,64,63,61,60,59,59
3,5,5,6,7,7,8,9,11,15,16,10,6,5,5,5,5,7,9,8,8,7,9,9,9,12,12,12,10,8,6,3,1,1,2,5,11,13,16,20,13,6,6,10,23,32,29,25,15,9,9,14,41,70,83,89,90,90,92,93,93,93,94,96,97,97,98,98,98,99,100,99,99,100,100,100,103,104,105,105,101,101,104,105,106,107,109,110,110,110,109,108,112,111,109,108,108,105,104,106,106,102,98,97,96,94,93,93,94,98,98,103,111,116,119,126,130,131,131,130,131,128,127,122,118,114,108,106,103,100,90,81,77,76,71,64,66,64,56,49,39,34,21,35,122,110,45,35,25,31,34,24,14,4,2,3,4,2,4,6,7,11,27,41,57,65,67,74,79,82,88,93,93,94,96,99,102,105,105,105,105,105,105,104,102,100,101,101,100,104,107,104,102,102,103,106,114,114,109,106,103,103,102,101,100,98,98,97,96,97,96,94,91,86,91,110,131,159,184,197,193,175,158,148,144,143,144,145,145,143,142,141,139,138,136,134,133,135,134,104,14,19,66,54,59,76,70,92,121,125,122,122,123,122,120,119,116,116,115,115,116,115,115,115,115,115,113,113,112,111,111,110,109,106,105,104,102,99,98,97,96,95,94,90,83,82,86,97,116,128,129,115,102,97,101,106,101,95,95,92,85,83,76,69,69,65,65,64,65,65,65,66,65,61,59,59,59,59,60,60
12,16,16,21,20,19,22,27,27,23,16,14,12,10,11,13,15,18,22,22,21,19,9,9,11,13,11,10,10,10,7,3,0,1,1,1,6,13,7,5,4,2,2,2,9,21,25,32,28,10,7,14,45,76,81,83,86,88,91,94,92,93,95,95,96,96,97,98,98,99,99,98,100,100,100,100,100,100,101,102,102,103,106,107,107,107,108,109,106,106,107,108,109,108,107,104,105,110,111,108,108,106,103,101,99,97,97,98,96,99,96,96,96,99,100,104,105,109,116,118,122,127,129,129,131,132,130,131,126,121,117,110,105,105,99,97,96,93,89,84,71,59,43,37,113,108,25,12,10,5,6,4,4,8,9,9,20,34,42,41,42,51,61,70,77,85,87,90,95,96,99,102,103,103,104,106,107,108,109,107,106,105,105,106,103,101,103,105,107,109,109,104,101,102,106,110,112,109,103,100,103,104,104,105,103,98,98,99,97,98,101,105,114,137,162,179,189,190,179,160,150,146,146,147,146,144,144,146,145,143,142,141,140,138,136,135,136,137,116,57,34,48,70,52,48,54,69,118,126,125,124,124,122,121,121,120,118,118,117,117,117,117,116,115,116,115,114,113,113,111,110,109,106,105,104,103,100,98,98,97,96,92,86,85,88,98,106,117,127,127,114,91,86,84,88,91,85,79,78,74,72,70,68,68,67,67,64,61,63,62,62,62,62,61,59,59,60,60,60,60
14,17,18,27,32,27,24,25,23,19,12,11,13,13,16,20,24,26,27,40,41,19,12,6,8,6,8,6,3,4,4,1,1,3,2,1,3,5,4,2,1,2,1,1,2,3,6,18,33,31,34,46,62,73,76,79,80,82,86,90,91,94,96,96,95,94,95,98,100,100,100,99,100,102,103,103,102,102,104,108,109,108,106,105,106,107,106,105,103,103,104,107,110,110,109,106,104,106,108,109,107,105,103,103,104,103,101,100,99,98,97,97,99,98,97,98,98,99,100,97,98,102,106,113,121,128,134,136,133,131,131,128,126,124,119,116,111,104,100,97,89,85,78,72,123,124,61,58,57,56,53,50,44,46,50,51,58,72,77,78,79,82,86,87,93,97,97,98,99,102,104,106,107,106,107,108,107,108,107,106,107,107,108,109,107,103,106,109,112,111,111,109,107,106,106,106,106,104,101,100,103,101,102,105,102,96,95,98,102,118,145,172,192,205,195,175,160,150,148,149,149,148,146,147,149,148,146,145,143,142,141,140,140,140,139,139,136,106,62,28,28,49,61,44,52,61,101,128,127,126,125,124,123,122,122,122,121,120,120,120,118,117,116,115,116,115,114,113,110,109,107,106,104,104,102,102,101,99,99,97,92,88,84,93,107,116,116,116,113,107,100,94,90,86,85,84,82,82,77,76,76,72,72,76,78,72,72,73,71,76,76,71,68,69,71,70,65,63,59,59
12,14,13,10,12,14,14,12,10,8,8,13,19,25,22,22,24,29,63,155,147,96,51,17,8,10,13,15,17,13,11,13,16,15,5,2,1,1,1,1,2,2,2,1,1,1,2,3,12,25,33,41,48,64,72,74,75,79,84,89,92,95,97,96,96,97,99,101,101,102,102,103,105,106,107,107,108,107,108,109,109,106,105,108,111,112,110,108,106,105,106,107,107,108,108,104,102,103,105,106,106,106,105,105,107,105,104,104,103,103,102,99,102,100,98,100,101,101,102,99,96,95,99,101,101,103,110,116,122,128,132,135,136,136,137,138,132,128,124,120,119,120,119,119,142,148,107,103,107,110,109,108,105,103,102,102,101,105,108,108,107,107,112,112,112,111,108,107,106,103,101,103,103,101,101,101,103,106,107,106,107,107,107,108,109,106,108,111,112,112,113,111,107,105,102,100,102,104,107,105,103,101,100,96,95,100,115,141,165,194,206,199,184,168,156,152,151,151,149,149,150,150,148,148,147,146,145,144,143,142,142,142,141,142,140,136,95,54,52,42,27,11,41,96,123,123,126,128,127,126,125,124,124,124,122,122,122,122,120,120,119,118,115,114,115,114,112,110,107,106,104,103,103,102,101,101,101,97,97,92,90,93,99,112,121,124,107,92,89,98,122,111,87,85,84,82,79,76,73,75,75,74,75,77,72,68,72,74,71,80,86,83,79,76,78,77,71,74,60,53
18,22,21,11,4,5,5,3,3,5,8,10,17,27,27,25,31,75,155,184,181,184,162,75,23,25,36,91,116,89,59,40,32,28,17,4,1,1,0,0,1,0,0,0,0,1,1,2,7,17,31,49,65,76,79,79,80,82,87,91,91,91,93,95,99,100,102,105,105,105,106,106,108,108,108,109,108,106,105,107,107,104,106,111,113,113,110,108,108,106,106,108,107,107,106,105,106,106,105,105,107,107,108,109,109,107,105,104,104,109,108,103,102,98,102,101,101,102,102,101,100,101,104,105,104,101,100,101,102,103,106,112,116,118,125,132,138,145,148,148,152,153,153,154,179,189,153,148,148,150,149,150,152,152,152,151,150,152,154,153,150,146,146,147,147,146,141,137,128,119,113,113,111,107,103,100,100,100,103,106,104,105,108,108,104,107,109,110,110,110,109,102,98,99,103,100,97,97,104,100,99,101,102,113,131,163,194,209,206,190,171,161,157,156,155,154,153,152,151,150,149,148,145,145,146,145,144,144,144,144,144,143,140,139,140,104,54,47,49,48,45,29,31,113,128,126,127,127,126,125,124,124,124,124,122,122,122,122,120,120,119,118,115,114,114,113,111,109,107,106,104,103,104,103,101,100,97,93,89,92,97,110,121,117,117,105,92,90,89,87,85,88,84,106,120,113,92,76,74,74,73,72,71,69,67,65,65,64,64,61,61,62,65,69,68,78,78,73,69,64
7,8,11,9,3,3,2,2,2,5,3,2,12,17,25,40,105,162,172,170,172,175,181,156,77,66,114,172,160,145,133,104,72,57,33,10,2,2,0,0,1,2,5,8,12,14,20,28,36,45,55,65,74,80,83,86,85,86,89,92,93,92,93,97,101,101,102,103,102,102,103,104,109,108,108,108,105,106,109,112,110,106,105,106,103,104,106,109,108,105,105,108,108,105,104,106,107,106,103,102,105,105,106,109,109,107,104,103,104,109,108,103,103,99,103,102,103,104,104,104,103,104,107,108,107,107,107,106,103,103,102,103,104,102,105,107,111,117,126,139,142,142,142,142,163,170,152,144,146,151,154,155,154,157,158,157,155,156,159,161,163,165,158,151,145,143,137,134,133,132,130,129,128,126,123,123,120,119,116,113,109,111,111,106,103,106,104,105,108,103,102,103,103,103,104,99,94,95,100,104,115,141,169,197,214,214,200,177,163,157,155,155,155,153,152,153,154,152,151,150,148,144,141,140,144,144,143,143,145,144,143,142,140,139,122,61,46,47,46,49,50,52,57,119,126,126,126,126,125,124,124,124,124,124,122,122,122,122,120,120,119,116,115,113,112,111,110,108,107,106,104,103,104,102,98,95,91,91,99,110,123,135,141,128,111,98,93,90,91,91,90,86,84,86,90,96,99,96,96,87,78,75,73,72,71,68,68,67,66,64,65,64,66,69,75,81,89,95,97,83
4,1,1,1,3,2,1,1,2,2,1,2,10,15,27,105,169,158,160,168,167,169,171,178,170,166,174,175,149,138,143,148,138,99,49,32,6,3,4,7,13,19,27,33,37,42,47,50,56,60,66,73,80,83,86,91,91,92,93,96,97,98,100,101,101,101,102,104,105,106,106,107,107,106,106,105,106,110,112,111,109,107,105,106,105,105,106,109,108,107,108,109,109,104,103,106,105,105,106,107,109,108,109,110,110,110,112,114,114,113,110,105,104,104,104,106,106,108,105,104,106,108,111,111,108,108,108,106,104,106,107,108,108,106,109,106,105,107,105,109,109,108,107,106,131,153,124,106,108,111,111,112,112,116,118,116,115,117,121,124,133,137,131,132,133,132,132,135,135,135,135,135,136,135,136,137,135,136,134,131,127,127,128,132,142,148,135,119,108,101,96,92,93,95,98,102,108,124,143,172,197,212,216,204,184,170,163,159,158,158,158,155,154,155,154,153,152,151,150,149,149,146,143,141,142,143,143,143,141,139,138,137,138,136,80,42,44,45,47,46,51,49,74,127,126,126,126,126,125,126,126,126,124,124,122,122,122,122,120,120,118,117,114,113,111,109,108,108,107,106,104,103,102,100,93,91,97,105,111,127,142,133,119,114,109,100,102,95,95,107,107,105,103,104,101,95,94,98,108,122,121,111,101,99,95,85,79,77,74,69,72,76,70,71,72,69,67,65,65,65
0,0,1,1,2,2,1,1,2,2,2,5,10,19,59,155,163,179,159,154,157,159,164,167,153,162,179,167,155,154,149,127,130,134,66,29,14,12,20,27,34,39,45,51,56,61,65,67,71,74,80,86,89,92,94,94,96,98,99,98,98,98,100,99,103,103,104,105,104,106,110,110,104,100,103,103,111,117,117,113,110,110,106,103,104,109,108,103,103,106,108,108,111,112,110,110,113,116,118,120,120,116,112,111,113,117,117,118,119,113,112,105,104,107,105,107,108,109,105,103,108,109,110,111,112,110,109,110,109,109,109,109,110,112,114,113,114,115,111,110,107,108,107,108,131,151,126,104,103,102,103,102,100,101,102,102,103,107,109,107,106,109,113,118,120,121,125,126,131,134,133,132,134,134,135,137,139,140,140,147,149,160,171,181,190,186,186,182,168,152,137,111,98,108,127,148,182,205,220,219,203,190,175,165,163,163,161,160,160,159,158,158,156,156,154,152,152,152,151,150,150,150,149,148,147,145,143,141,139,137,136,136,139,122,47,37,39,39,33,32,33,31,70,131,128,128,128,128,127,128,128,128,125,124,123,123,122,120,119,118,116,115,112,111,111,109,109,109,109,104,101,100,95,92,96,106,117,123,133,134,112,97,95,92,93,92,89,88,87,93,91,95,92,92,92,93,94,94,94,97,106,109,107,103,102,96,92,92,92,91,90,88,86,87,87,85,83,82,78,74
0,0,1,1,2,1,2,2,2,3,10,18,21,29,125,164,170,189,142,135,148,149,142,119,144,172,161,161,164,151,146,131,125,135,113,37,27,34,42,49,53,58,63,67,71,72,74,78,82,85,90,93,93,95,98,99,99,97,97,99,100,102,104,104,108,109,109,109,105,105,107,107,106,107,105,109,116,119,119,118,111,107,106,102,101,102,103,102,104,108,105,111,120,121,119,117,117,116,114,114,113,112,112,113,116,118,117,119,118,112,110,104,106,112,112,112,113,112,110,109,110,107,106,110,114,111,111,113,109,110,114,116,117,124,125,124,123,122,122,118,113,110,107,108,130,150,134,116,116,114,114,112,109,107,106,105,104,105,107,108,109,108,110,111,111,113,117,118,118,118,119,123,126,126,128,131,137,157,174,184,187,192,190,189,191,189,189,188,189,184,179,167,157,166,192,225,252,252,248,236,226,218,195,169,162,164,162,161,164,175,187,188,188,184,180,179,177,166,155,151,152,149,151,146,145,143,145,144,142,141,140,141,141,89,32,30,28,24,25,24,23,16,65,129,130,130,130,130,130,129,129,129,128,127,124,122,120,119,118,116,113,113,112,111,111,110,109,106,103,101,97,93,94,101,116,125,125,130,127,114,107,101,102,98,94,91,89,88,89,87,84,84,81,80,79,79,79,77,76,74,73,71,71,72,69,70,69,68,68,70,74,75,73,74,75,75,77,78,78,78
0,0,0,0,0,0,1,1,1,18,45,34,15,42,153,149,170,170,145,146,152,133,106,118,150,129,121,132,148,136,136,126,116,130,135,87,44,49,57,61,64,68,71,74,72,74,79,83,85,89,94,95,95,95,96,97,97,96,97,99,103,107,108,107,107,109,109,106,104,102,105,106,109,112,109,110,109,108,107,107,106,108,108,99,99,98,101,106,110,112,109,118,123,119,114,110,111,110,110,108,106,112,115,119,121,121,121,122,122,119,114,111,112,121,122,122,118,114,113,114,113,109,108,110,113,114,114,111,109,110,110,110,114,121,122,124,123,120,120,119,117,113,108,108,130,151,140,125,124,124,126,125,120,117,115,112,110,110,112,113,112,112,115,117,117,117,117,115,112,111,113,119,116,117,120,121,124,146,169,185,192,191,188,190,190,190,179,171,167,162,171,191,215,235,249,254,254,253,248,233,216,193,172,164,162,160,171,192,217,234,244,247,247,246,242,230,208,176,152,149,149,148,145,144,150,166,170,164,153,148,144,144,131,49,24,21,20,23,24,25,21,16,75,131,132,132,132,132,131,130,130,129,128,126,124,122,118,117,115,114,113,112,111,110,110,108,106,101,98,92,95,104,110,118,133,129,117,115,108,106,104,101,98,96,95,94,95,96,93,88,85,81,80,79,78,76,75,76,76,76,74,73,73,72,69,70,71,68,66,67,70,71,71,69,67,65,65,64,63,61
0,1,1,1,1,13,31,15,1,14,39,29,14,70,147,141,165,136,128,148,149,106,105,132,132,117,124,140,140,123,126,124,120,132,133,125,67,54,64,65,69,72,74,76,79,82,85,86,88,93,95,95,95,96,97,98,99,100,100,99,102,107,105,104,103,105,105,102,102,100,103,107,106,108,112,109,111,111,107,103,102,106,101,98,100,100,103,109,108,111,113,112,114,107,102,102,109,114,118,115,114,118,117,118,124,126,126,125,125,124,116,116,125,129,124,121,118,113,114,116,113,113,113,113,117,116,114,112,112,113,113,115,119,119,121,124,124,120,118,123,127,125,120,118,133,152,143,127,124,122,122,120,118,115,114,112,112,116,117,116,114,111,110,111,111,113,115,116,116,117,118,122,123,123,119,112,109,105,109,123,139,149,156,164,164,164,162,174,195,219,238,250,254,255,254,248,233,209,188,171,164,162,164,170,186,211,234,245,248,248,249,248,232,216,189,170,154,152,150,148,147,147,149,171,205,231,233,227,211,202,192,189,130,28,16,14,27,26,22,22,18,19,95,134,132,132,133,133,131,129,128,127,124,123,122,121,117,115,113,112,113,112,110,109,106,101,97,93,97,101,112,125,124,118,130,122,114,119,107,96,96,95,94,97,97,94,91,91,95,100,100,85,80,79,78,78,77,76,75,74,73,72,72,71,71,72,73,73,73,73,73,73,71,68,68,69,67,68,69,68
1,1,2,2,18,96,157,79,45,84,76,40,41,104,136,139,138,109,111,131,112,102,114,136,124,137,127,131,124,112,118,123,130,140,142,145,111,65,68,74,76,77,80,85,89,88,87,87,86,92,96,95,96,99,101,101,101,102,101,99,99,100,101,100,99,100,101,101,100,101,103,104,103,103,105,105,108,105,102,99,96,101,101,105,107,105,105,108,109,108,107,106,110,105,107,116,119,118,119,121,118,122,126,126,123,125,127,130,131,127,122,121,127,127,126,121,121,115,113,116,117,117,116,118,117,117,117,118,122,125,128,132,130,127,128,128,129,128,130,132,134,133,130,128,133,149,141,121,119,117,114,113,115,117,114,117,121,121,118,114,113,111,111,113,114,116,118,118,121,122,120,125,129,126,122,118,117,110,100,104,113,111,126,154,174,195,216,239,251,255,255,253,250,237,215,192,172,161,164,164,168,184,207,230,246,254,252,250,249,245,233,205,173,159,153,154,152,151,149,148,155,170,199,227,238,238,235,233,234,233,230,226,110,19,9,11,24,24,23,24,17,30,121,144,147,143,137,134,133,130,128,126,121,121,121,119,116,114,111,109,111,109,106,104,102,97,92,96,113,125,129,127,123,115,108,105,110,107,102,98,95,108,109,98,97,90,84,82,90,105,104,90,83,80,87,99,98,85,74,72,72,73,73,72,71,72,73,73,73,72,71,70,66,64,63,64,65,64,63,62
2,1,2,3,21,48,53,25,66,114,59,35,74,83,115,122,114,100,96,100,90,96,115,131,124,143,130,125,117,110,110,119,131,136,134,140,128,77,78,80,83,85,87,88,90,87,87,90,90,91,94,96,98,98,101,103,102,99,99,100,102,103,103,102,99,96,98,101,101,105,106,104,102,103,103,102,98,96,98,97,95,97,108,114,113,112,113,115,113,109,111,117,120,120,123,128,128,123,121,123,121,122,124,125,126,128,129,129,127,127,127,125,123,121,123,125,122,121,121,119,123,121,120,125,124,124,126,126,128,129,129,131,129,132,135,139,137,134,133,132,132,130,128,127,131,147,140,122,118,121,121,118,117,117,115,114,116,116,113,110,110,114,118,119,119,118,119,121,121,121,119,121,121,121,122,123,116,110,124,126,142,166,190,222,240,251,254,255,255,254,244,220,196,180,167,164,167,170,182,203,226,243,253,255,251,248,251,241,221,194,172,156,154,154,153,151,150,151,157,176,207,227,241,241,238,234,231,230,230,223,209,172,58,19,9,19,24,24,27,29,21,58,156,196,214,209,198,189,176,166,153,129,132,129,122,118,117,115,114,111,107,102,98,96,93,94,101,113,117,119,122,118,113,111,112,105,98,98,100,101,96,98,95,84,80,80,80,78,78,78,77,74,74,70,74,82,81,77,73,73,72,72,71,69,69,70,70,69,68,67,67,66,64,62,61,61,61,60,59,59
3,3,3,3,7,5,0,4,8,12,19,51,74,56,84,104,101,91,82,86,82,84,116,120,133,132,126,126,131,131,123,119,130,134,125,127,115,82,88,87,85,87,89,88,90,87,89,93,95,95,95,97,97,99,101,103,103,103,103,105,106,107,108,107,103,100,100,102,105,107,108,104,101,105,103,96,95,97,102,104,104,108,115,113,114,116,118,120,123,123,123,120,119,122,123,123,122,123,121,120,126,130,130,127,131,133,130,126,123,124,127,127,120,116,119,127,130,132,129,119,116,120,121,122,125,126,126,126,127,125,120,120,125,129,134,140,139,134,132,132,131,130,129,130,133,144,140,128,124,125,124,122,117,112,112,111,109,111,112,113,115,117,123,125,120,118,118,119,116,115,119,123,125,123,122,129,135,147,173,209,227,234,244,230,205,204,210,216,221,212,187,170,167,167,166,168,190,221,240,252,255,254,254,255,249,235,210,180,164,159,158,158,153,151,151,153,154,177,212,234,242,242,238,235,234,234,232,224,208,180,158,104,29,15,13,27,23,24,24,25,25,110,222,231,227,224,223,224,222,223,192,122,183,198,175,155,139,126,121,106,100,100,98,94,97,106,113,115,118,118,112,112,112,116,117,109,103,99,95,93,91,88,86,84,84,79,79,81,82,80,80,77,75,74,73,75,77,75,75,75,74,74,73,71,70,71,70,69,69,68,67,66,65,63,62,62,61,61,61,61
10,11,10,9,8,6,5,4,2,7,23,56,52,44,74,92,85,81,70,71,72,90,116,111,129,120,124,119,122,126,133,132,130,133,125,129,109,80,80,83,86,87,89,90,88,89,90,93,95,96,95,95,100,104,107,106,106,108,109,109,109,110,111,111,110,107,106,105,105,105,104,103,106,103,103,104,103,106,111,113,112,114,113,116,116,118,122,124,126,121,120,120,118,119,118,117,119,121,125,128,134,134,133,132,128,133,135,133,124,119,118,119,118,118,123,135,132,127,127,127,122,120,118,122,126,125,124,123,124,124,124,126,126,127,132,135,137,133,133,135,134,133,133,133,134,139,133,127,126,126,125,125,122,118,120,118,113,115,118,120,115,115,119,116,113,115,119,122,127,130,130,118,120,128,145,170,193,218,233,234,228,211,188,173,165,163,164,163,166,164,165,168,168,166,163,167,180,194,204,209,216,221,225,225,200,174,160,159,159,156,155,155,161,174,185,196,214,234,241,240,239,240,237,232,234,231,211,177,156,145,140,75,23,15,34,67,41,24,12,13,35,163,231,228,227,224,220,217,219,209,140,115,197,192,168,151,152,142,120,106,100,97,101,108,111,115,115,115,113,106,100,95,98,112,111,112,113,107,100,95,92,89,88,87,85,84,81,78,82,80,78,81,79,79,79,77,76,74,73,75,75,76,76,75,75,76,77,77,72,70,69,68,68,66,65,66,63,63,63,63
12,20,20,19,21,18,39,62,41,38,47,56,97,86,80,85,76,70,63,63,69,96,102,100,105,111,118,118,121,122,119,124,128,123,123,127,95,81,82,82,82,86,87,86,86,89,93,95,90,94,98,98,99,103,104,103,105,109,110,109,109,110,110,111,110,108,108,108,107,105,103,106,110,108,106,107,109,111,113,113,110,113,115,117,117,117,118,119,119,115,114,115,116,117,119,119,120,120,125,125,124,127,129,133,133,132,132,131,121,114,116,120,125,123,124,127,123,117,119,122,121,122,122,122,124,125,123,121,121,123,123,124,124,124,127,126,125,125,124,130,132,127,119,114,116,128,129,119,119,120,122,124,123,121,122,126,124,126,128,129,124,120,123,122,125,132,138,138,133,124,121,136,163,196,220,234,240,231,214,193,175,166,166,168,165,165,165,164,164,165,166,166,165,164,161,159,159,160,162,163,163,163,164,164,160,158,157,156,153,151,151,172,214,239,244,247,251,248,242,240,243,239,232,226,205,172,153,145,145,144,130,48,22,13,57,95,78,42,7,21,53,191,226,220,220,218,215,212,216,170,83,110,156,143,149,144,127,108,100,99,103,115,123,122,117,109,107,109,108,104,118,132,122,111,107,107,109,110,106,102,101,100,96,91,90,91,87,84,82,81,79,78,77,77,78,74,73,72,70,71,72,73,75,76,73,74,74,73,69,67,67,66,65,66,66,66,61,61,61,61
3,7,8,11,20,20,27,81,101,73,55,39,99,93,76,76,73,64,61,63,75,97,92,91,93,97,103,106,118,123,111,111,123,123,126,111,84,84,82,83,83,84,85,88,92,95,98,99,97,99,102,105,104,107,108,107,109,109,110,111,111,110,108,107,109,111,108,104,105,108,107,106,105,103,104,107,109,110,110,109,112,114,118,117,112,113,116,119,122,117,114,116,121,120,121,120,115,114,122,128,131,134,130,128,131,130,125,119,120,119,123,125,122,119,120,122,122,122,125,127,129,129,128,126,125,124,122,120,119,120,119,119,122,122,123,123,120,117,120,121,116,110,108,104,101,119,125,114,114,116,122,122,120,123,128,131,127,125,123,123,125,126,134,139,134,131,120,123,140,163,193,223,233,236,231,214,195,176,167,166,167,166,167,167,166,166,165,165,164,165,165,165,163,162,161,161,162,163,163,163,161,160,158,157,157,156,154,153,152,153,153,163,176,187,199,201,202,212,237,248,246,235,217,177,151,144,144,146,141,143,105,36,20,26,77,85,78,38,12,28,102,216,225,222,219,216,217,217,205,116,78,112,139,149,134,112,105,100,99,112,127,133,133,130,130,126,119,116,112,106,109,138,155,133,102,91,91,92,93,92,91,91,91,91,88,88,93,92,90,91,88,84,84,85,84,86,84,83,79,76,75,72,71,72,69,68,67,66,64,63,66,66,63,63,62,61,61,60,59,58
1,1,0,1,3,4,6,16,28,18,11,25,61,94,82,76,75,66,62,70,93,93,82,81,83,86,93,101,106,105,101,100,100,107,119,92,88,87,84,90,89,89,91,94,95,96,98,99,100,102,105,107,104,108,110,109,110,108,109,113,112,109,106,105,107,108,107,105,106,106,102,99,101,101,103,107,104,106,108,109,110,111,114,115,117,119,123,124,121,118,117,119,121,119,118,119,114,113,119,127,128,127,125,129,127,122,121,125,128,126,127,125,124,123,126,131,130,128,126,129,132,129,123,119,122,123,121,120,123,125,124,124,125,123,121,123,123,118,119,119,114,109,111,111,111,114,121,122,121,116,118,122,121,122,122,121,123,123,125,129,125,115,113,119,124,136,167,196,217,235,240,235,218,195,178,167,164,165,165,165,166,167,168,167,168,167,166,165,164,165,165,165,165,166,167,167,167,165,162,161,158,157,155,154,155,154,154,154,150,149,151,152,151,150,151,151,151,157,180,194,193,173,156,146,145,144,142,141,143,143,79,29,22,33,83,84,82,39,24,35,161,228,227,222,217,220,216,200,148,83,84,126,133,119,105,106,106,110,122,132,137,138,141,144,144,146,143,141,138,134,130,128,136,139,130,123,118,115,108,100,83,80,79,80,81,79,81,80,82,83,87,89,93,100,106,113,119,121,126,114,95,84,81,81,80,79,79,78,72,69,70,69,67,67,64,63,64,63,61,59
3,1,0,2,4,5,6,9,9,3,3,26,51,70,83,74,70,69,67,90,93,74,71,72,70,72,80,91,97,98,96,98,98,103,128,107,91,86,85,87,87,89,92,94,95,96,97,97,96,101,104,104,102,105,107,107,107,107,108,110,110,109,108,108,113,108,106,107,104,103,99,98,102,103,105,108,108,109,109,109,109,109,109,114,123,123,124,123,118,117,120,124,120,116,117,119,119,118,118,121,124,125,122,120,120,120,123,126,132,128,130,129,126,124,128,132,130,130,128,127,128,127,125,121,120,122,121,121,128,131,130,132,131,127,123,124,123,120,116,118,118,114,114,118,120,119,124,123,117,117,124,120,116,119,125,131,130,130,122,109,106,114,137,167,197,223,236,241,236,224,199,177,169,168,166,166,167,168,168,169,168,169,171,169,169,168,166,165,168,168,169,169,170,170,170,170,167,163,160,159,159,158,158,157,156,156,156,156,155,152,154,150,151,150,149,149,150,150,147,146,145,147,149,147,147,146,146,143,148,132,56,30,21,30,68,81,79,29,16,37,181,233,224,218,217,201,173,137,90,76,89,111,108,106,104,107,119,132,140,144,147,144,144,147,142,141,140,137,135,134,135,134,132,129,130,131,129,123,109,95,87,87,89,93,97,100,103,110,115,116,117,117,115,111,107,99,93,89,100,125,123,104,86,76,75,77,77,77,77,75,77,78,78,78,78,77,73,70,68,66
5,8,12,17,21,25,28,33,39,20,2,22,56,63,65,72,70,69,89,88,67,65,68,73,73,75,80,87,90,94,96,96,100,101,113,121,107,85,87,87,86,91,90,95,98,98,96,97,99,101,102,102,102,102,104,105,104,105,106,103,108,112,112,112,111,108,110,111,104,103,103,102,108,108,107,107,111,112,110,110,110,114,112,117,119,120,122,119,118,118,123,125,118,116,118,120,123,128,127,121,119,119,124,124,126,128,129,127,128,128,130,130,126,121,125,127,128,127,126,126,125,129,127,125,128,131,128,126,131,133,136,139,133,125,123,123,122,121,120,123,126,121,117,117,117,120,123,121,121,124,123,122,127,135,139,153,127,119,115,135,162,193,216,234,241,237,226,205,185,173,168,167,170,171,169,168,170,171,171,169,169,169,169,169,170,170,168,168,170,170,172,172,171,171,169,165,161,161,160,159,160,161,160,159,158,158,157,157,159,158,157,155,154,154,153,153,151,149,148,148,149,149,149,149,148,147,146,146,150,109,37,28,22,20,64,77,66,25,12,58,182,232,222,204,176,144,134,110,81,72,88,102,102,103,112,130,135,140,145,145,146,144,145,146,139,137,136,135,135,135,134,132,133,131,132,129,127,134,137,126,127,128,129,125,121,116,109,104,99,92,83,80,78,76,74,73,74,72,70,76,94,120,124,102,83,75,70,72,72,69,69,69,71,71,71,70,69,67,66,66
29,32,37,41,43,46,50,52,57,44,7,5,46,62,58,63,71,74,75,61,58,67,76,80,82,80,78,65,57,61,74,90,101,115,117,123,126,127,120,98,92,91,91,98,99,96,93,95,98,100,103,105,109,108,109,109,103,106,111,108,106,109,109,109,108,107,109,109,105,105,107,109,113,110,109,110,112,114,114,116,114,113,111,113,112,110,111,111,110,113,116,116,113,118,122,120,121,121,120,117,119,122,121,124,128,130,130,128,127,128,130,130,126,122,124,124,125,122,121,123,127,130,130,133,135,137,139,138,139,137,134,132,130,127,122,121,121,121,123,126,123,119,119,121,122,123,124,124,124,131,135,140,136,128,108,116,139,168,195,218,232,239,240,231,210,188,174,168,168,169,169,168,167,167,167,167,168,170,170,169,170,170,170,170,171,170,170,171,171,171,169,169,168,167,165,163,162,162,162,161,160,161,161,159,158,158,158,158,160,159,158,158,159,159,158,157,156,154,153,153,150,149,149,148,149,148,146,146,144,81,33,26,19,17,57,69,57,35,34,113,203,211,181,157,141,131,123,93,75,73,96,108,114,127,133,141,146,149,150,147,145,143,144,143,138,135,133,133,134,134,133,131,131,128,128,114,113,127,146,145,126,101,93,88,83,81,80,80,79,77,78,79,76,75,74,75,75,74,73,72,70,77,100,122,120,103,84,74,71,73,70,71,71,70,67,64,62,62,61,59
41,43,47,51,52,54,57,59,61,61,31,1,25,62,67,64,67,70,58,54,62,70,74,70,63,61,59,42,11,9,20,35,62,102,115,122,120,119,134,142,113,105,115,111,108,107,104,104,109,105,105,110,108,106,106,107,106,111,116,111,110,110,110,109,107,108,109,108,107,114,118,114,111,111,113,115,115,113,112,111,112,109,111,112,110,109,110,110,110,115,119,118,114,111,111,117,119,118,119,123,125,125,122,125,129,130,130,130,130,130,132,131,127,125,119,116,117,119,120,121,124,128,126,129,133,135,146,148,140,130,125,127,128,125,123,124,124,123,125,127,125,121,119,118,118,124,132,137,135,130,123,126,132,139,162,187,214,233,238,242,230,214,196,176,168,168,169,167,171,170,167,167,166,164,165,166,168,169,170,170,172,172,172,172,170,169,169,170,170,169,167,166,166,165,163,163,162,162,162,160,159,161,161,160,157,157,158,158,158,159,160,160,160,160,159,159,159,159,158,157,155,154,153,152,151,150,149,149,128,54,31,23,17,12,45,63,56,31,59,129,148,141,134,135,133,130,107,77,73,77,108,132,136,126,130,135,140,141,143,144,144,145,148,141,140,141,140,139,137,137,135,133,131,122,103,88,85,84,93,122,146,125,96,86,82,80,79,78,77,77,78,78,76,74,74,75,75,73,73,74,74,71,71,77,92,113,117,104,84,74,71,68,70,66,65,69,71,71,74,81
45,47,51,55,56,58,59,60,62,66,55,10,6,49,63,62,62,65,67,64,59,52,54,64,64,66,66,54,19,3,6,24,44,74,87,98,106,112,113,128,127,135,155,166,176,174,179,189,173,145,119,108,109,108,108,108,106,111,116,110,106,106,109,109,109,110,112,110,107,108,111,112,112,113,114,112,110,110,111,111,108,106,113,116,118,120,120,118,117,115,114,111,108,108,109,117,124,123,124,127,126,122,123,123,127,127,126,127,128,127,127,127,130,129,117,111,115,116,120,125,128,132,128,126,126,122,130,129,125,123,122,122,118,117,127,134,130,126,124,124,122,122,124,125,127,131,130,126,122,125,138,161,190,214,232,240,242,234,219,195,178,172,170,171,170,169,168,167,168,171,170,169,167,164,165,168,170,171,172,173,173,173,173,173,172,171,170,170,168,167,167,166,166,165,164,164,161,161,160,159,159,160,161,160,159,159,160,160,159,160,161,162,161,161,160,160,160,160,159,158,158,157,156,154,154,155,152,148,90,35,29,20,17,7,32,54,54,34,62,130,134,132,133,131,128,122,85,71,67,87,140,141,126,121,122,122,121,121,128,138,144,154,154,134,129,128,130,132,132,132,130,128,125,111,99,86,94,103,101,98,119,143,133,105,85,82,81,79,79,79,78,77,76,74,74,74,74,74,74,75,74,70,71,70,67,74,93,114,124,108,94,95,97,100,103,103,107,108,104,98
50,54,55,56,59,59,58,58,60,60,62,30,2,24,64,70,68,72,75,74,73,67,66,80,79,78,78,78,62,38,25,33,42,75,82,89,100,111,118,123,131,135,126,128,147,156,158,164,161,163,165,147,119,107,107,108,110,108,108,101,100,101,106,109,114,116,114,111,113,111,109,109,109,108,108,110,115,116,117,117,119,120,118,116,118,120,117,117,117,116,115,115,113,117,122,126,125,121,122,124,121,118,122,122,123,122,123,124,123,128,128,128,139,136,127,128,122,118,121,129,130,128,120,124,127,126,128,126,120,120,118,116,116,120,126,128,129,125,125,125,128,137,137,129,110,121,127,138,163,189,217,233,240,241,235,224,202,179,169,166,167,167,167,166,167,168,169,170,170,171,169,166,166,167,169,172,172,173,173,173,172,172,172,172,172,172,171,171,170,170,170,169,168,165,162,161,160,160,159,158,158,158,158,158,161,161,160,160,160,160,160,160,161,161,161,161,159,159,158,158,158,157,156,155,155,156,154,142,61,29,20,13,10,4,26,53,62,33,52,131,135,132,130,127,124,105,74,69,68,94,123,105,112,116,115,112,108,104,100,102,100,105,101,88,84,75,73,72,71,74,79,72,70,71,73,66,84,94,99,100,96,109,114,112,104,98,93,91,85,82,81,78,78,76,74,75,74,77,78,80,81,84,86,91,99,99,105,115,126,127,130,125,111,96,88,85,78,73,68,62
55,54,52,54,54,56,56,58,61,64,70,63,27,40,85,84,72,72,71,72,71,71,74,75,76,76,77,78,79,78,73,54,44,80,86,92,106,111,114,118,124,132,132,120,111,122,129,137,148,162,166,165,132,108,105,108,106,103,101,100,100,102,110,115,117,118,114,109,110,105,105,111,115,116,118,119,116,117,118,119,121,122,121,119,120,119,121,116,116,123,123,117,120,123,128,124,123,121,125,129,123,119,120,121,121,122,125,129,133,138,140,139,140,138,130,130,128,124,127,131,126,120,117,126,127,125,124,121,119,119,122,125,123,123,123,126,124,132,139,136,131,121,117,120,130,157,185,214,233,241,243,239,222,204,184,171,167,165,169,164,163,164,164,165,167,169,170,171,169,169,168,168,169,171,173,174,175,175,174,174,171,171,171,171,171,172,172,172,172,172,171,171,170,168,166,164,162,162,162,161,159,157,157,157,158,159,159,160,161,161,161,161,162,162,162,162,160,160,159,159,159,158,157,156,155,154,154,152,85,17,13,8,6,13,62,70,92,58,41,120,133,129,127,126,121,90,73,72,71,93,105,89,81,80,77,72,69,64,60,59,56,61,65,61,56,54,47,49,45,44,48,46,46,45,44,53,62,63,59,57,54,58,63,70,80,82,90,95,93,91,91,91,88,84,84,87,94,105,114,117,115,113,105,106,108,103,95,89,82,78,98,115,114,94,71,64,61,62,62,59
52,53,53,56,60,62,63,66,73,84,93,103,108,113,118,93,71,68,69,72,74,73,77,76,75,77,78,79,82,80,85,86,84,82,77,67,67,78,98,111,109,114,113,119,119,115,116,116,118,111,77,82,97,104,101,103,104,103,100,103,104,106,112,115,113,113,114,115,111,114,118,119,118,117,116,114,114,113,114,116,119,122,123,122,121,119,126,126,124,124,122,122,121,118,122,126,124,125,127,125,122,126,124,122,128,129,132,136,134,136,139,139,143,141,132,129,126,127,129,129,123,119,118,120,121,122,124,124,123,123,122,122,124,126,130,130,127,128,125,122,128,137,156,183,210,231,242,243,238,228,206,186,175,170,169,170,165,163,163,164,165,165,166,166,166,168,170,171,169,169,170,171,174,176,176,175,175,175,174,172,170,170,170,170,171,172,173,173,172,172,172,171,171,169,168,168,166,167,167,166,164,163,162,161,161,161,162,162,163,163,163,163,161,161,161,161,160,160,159,159,159,158,157,156,155,152,152,154,86,5,4,2,17,61,83,68,86,70,27,99,131,125,125,126,116,82,75,72,78,119,132,120,114,112,110,106,100,95,89,88,86,79,78,73,65,64,58,56,54,48,47,48,47,49,49,55,59,62,60,56,51,48,46,48,51,47,50,55,61,68,73,77,82,81,82,86,89,94,96,93,87,81,77,73,72,74,74,72,71,70,67,77,96,107,100,87,78,67,62,63
58,63,65,67,75,83,91,98,109,117,116,112,120,118,114,95,77,73,70,70,72,80,81,76,78,81,82,82,78,78,78,81,80,80,80,79,70,76,100,114,112,103,109,115,113,107,96,101,106,81,57,98,99,103,100,103,103,105,102,105,107,106,108,110,113,110,112,119,116,115,114,112,111,112,112,110,111,110,112,115,117,119,121,121,122,124,125,124,121,120,121,122,127,129,123,125,121,118,123,130,134,129,122,124,128,128,130,132,129,129,134,133,131,130,124,125,124,125,123,119,116,114,118,119,119,121,124,125,125,124,125,129,125,112,118,116,116,124,139,159,185,210,231,241,243,240,230,209,187,172,169,170,172,172,171,167,167,165,166,170,167,167,166,166,167,168,171,172,172,172,172,174,176,178,177,175,173,173,171,170,171,171,171,171,173,173,172,172,172,172,171,171,170,168,168,169,168,169,170,170,168,167,165,164,165,164,163,163,164,164,164,164,160,160,160,160,159,159,158,158,158,157,156,155,154,151,149,147,64,1,2,2,46,85,66,52,49,81,31,99,123,121,130,135,99,80,79,71,87,129,131,123,122,122,123,124,120,115,109,109,108,99,99,98,95,92,89,83,84,76,69,67,69,61,57,52,50,51,49,48,46,48,46,44,50,50,50,48,54,64,66,63,61,63,65,66,64,62,64,61,63,63,61,62,67,72,74,72,72,74,72,71,72,78,95,108,105,89,73,63
77,81,86,90,98,99,105,96,88,106,108,109,114,105,100,79,74,75,71,70,76,80,79,79,77,76,76,74,73,77,78,77,80,82,83,89,85,73,74,106,129,112,112,124,114,100,93,94,86,81,124,118,105,101,100,100,97,99,103,105,104,104,105,108,110,108,105,110,110,110,110,112,111,106,106,105,106,107,111,114,119,123,124,122,121,121,119,115,116,119,131,137,134,130,124,130,130,128,127,130,129,119,117,119,124,129,131,128,128,127,130,128,125,122,120,122,123,122,120,119,119,112,114,120,120,120,126,132,137,131,123,118,113,104,120,142,160,183,205,226,239,246,241,233,212,187,174,168,167,170,170,171,172,171,169,169,170,170,170,171,170,170,169,169,170,172,174,175,176,175,175,175,176,175,173,172,171,170,169,169,171,171,171,173,174,174,172,172,172,172,172,171,169,169,169,170,170,171,171,170,167,167,167,167,167,167,167,167,165,165,165,163,160,159,159,159,159,159,158,158,158,159,155,152,152,149,149,136,38,1,2,3,29,58,38,21,8,33,45,108,120,128,142,126,86,84,80,76,94,121,119,119,118,117,115,115,114,112,109,108,107,103,102,103,101,97,95,95,95,93,89,86,85,82,78,73,72,69,66,64,57,57,51,47,46,44,44,43,46,51,52,54,57,56,56,54,54,57,59,57,53,47,43,46,46,47,48,50,53,58,61,63,63,62,66,78,86,82,80,68
95,92,94,98,97,94,90,93,116,123,115,125,112,101,104,76,66,69,74,74,74,71,70,72,74,76,76,75,77,80,79,79,81,81,81,81,85,84,80,64,74,82,99,117,121,115,102,89,97,121,118,105,102,100,100,100,103,106,107,107,105,106,109,111,107,106,109,108,113,117,118,118,114,106,107,110,112,111,112,113,117,120,120,119,120,116,113,115,117,115,127,141,143,136,137,137,127,126,123,123,119,119,117,121,127,132,133,126,123,122,116,117,121,121,121,120,123,125,125,125,120,116,117,121,139,166,151,132,123,121,121,129,140,155,186,212,229,241,245,241,235,217,195,176,169,167,171,173,172,172,173,172,175,175,177,177,175,175,174,173,172,171,170,170,171,174,176,177,179,178,178,177,174,171,169,169,167,168,170,171,173,173,174,175,174,174,173,172,172,174,173,171,170,170,170,169,168,169,169,168,166,166,166,166,166,166,166,166,164,164,163,162,160,160,160,159,159,159,158,158,155,155,152,152,145,144,148,119,15,2,4,3,4,13,4,6,4,2,64,126,134,140,125,95,87,87,82,81,97,114,112,110,110,108,107,106,106,104,103,103,104,104,103,102,100,96,95,96,95,93,90,89,91,86,83,84,83,80,78,78,78,77,73,70,66,61,57,54,47,45,42,41,39,40,44,44,48,54,58,56,48,41,46,50,46,43,42,42,40,40,40,38,36,42,50,49,53,54,56,63
95,99,105,109,106,104,118,128,119,113,103,121,109,110,104,72,68,70,88,75,71,71,68,70,75,77,78,78,80,79,78,80,83,93,90,82,87,91,90,86,57,33,57,115,91,101,93,88,92,101,102,98,99,100,103,105,112,103,99,103,102,104,109,113,113,111,111,107,112,117,118,117,115,111,110,116,117,119,118,118,122,119,115,112,113,117,117,117,117,116,123,127,129,130,128,117,117,122,122,121,122,122,118,119,123,127,131,128,121,122,118,117,118,119,120,120,122,120,120,120,120,124,134,139,131,167,151,114,126,136,157,185,209,228,239,248,246,237,219,199,183,175,174,172,172,173,172,174,176,176,175,175,179,179,177,177,178,178,177,176,174,174,173,173,175,176,177,176,176,176,174,173,170,167,166,169,170,171,173,174,175,174,174,175,174,173,173,173,174,174,174,172,171,171,170,169,168,168,168,166,166,166,166,166,164,164,164,164,162,161,160,160,160,159,159,158,158,158,156,155,152,151,152,148,123,120,144,90,7,3,3,11,24,1,1,2,2,10,94,137,119,114,100,89,88,85,79,82,97,109,109,102,101,100,99,98,98,97,96,97,99,99,98,98,96,96,96,96,95,95,94,93,90,89,88,86,83,82,80,79,80,79,79,75,75,75,74,71,67,66,62,58,56,52,51,50,47,45,44,42,33,30,37,43,39,38,39,42,44,43,42,43,45,40,41,37,37,37,33,37
112,119,115,104,110,115,118,105,101,105,101,106,102,124,103,70,74,82,87,125,97,69,75,75,75,73,76,81,82,80,78,80,89,128,116,88,90,95,92,90,89,64,59,88,50,44,54,63,81,93,99,103,103,100,100,98,98,94,95,101,100,101,105,108,107,110,110,113,116,116,117,117,118,119,117,123,125,121,116,118,123,120,116,114,113,112,111,117,122,115,114,115,118,121,117,117,120,125,124,121,122,120,124,127,123,121,124,124,122,122,127,127,122,118,116,117,118,124,127,122,114,128,133,122,116,125,141,145,161,188,219,237,246,246,242,225,202,184,172,174,176,176,172,173,174,178,175,177,179,179,178,177,175,175,176,177,178,178,178,179,179,179,178,178,179,179,176,174,174,173,171,170,170,168,170,174,174,174,174,173,174,173,172,172,173,173,173,173,174,175,174,173,172,171,170,169,171,170,169,167,165,165,165,165,163,163,163,163,161,160,159,159,159,158,157,157,157,156,154,153,150,146,148,135,126,131,99,25,3,1,5,73,80,4,1,1,0,22,112,113,101,98,95,90,92,90,85,92,105,101,97,94,98,98,96,95,94,92,91,91,92,90,90,92,90,90,93,93,92,92,93,93,91,91,91,90,89,88,86,84,84,82,86,79,76,78,76,68,70,76,74,72,72,69,69,69,63,61,59,56,52,43,44,43,40,38,37,37,35,34,34,36,37,37,33,34,35,35,37,37
119,118,113,111,108,102,99,100,99,98,98,96,98,120,90,70,73,89,110,172,133,80,79,82,81,81,81,83,79,79,91,100,90,89,90,88,84,73,56,41,31,25,23,59,53,14,5,50,98,95,99,102,99,99,100,100,97,97,99,101,102,104,107,109,110,112,117,119,117,118,117,116,118,117,118,120,120,113,112,117,119,117,115,116,117,115,115,119,117,113,112,113,117,122,124,124,123,125,123,117,110,119,124,127,130,127,125,123,126,129,136,127,118,117,118,127,135,151,141,115,104,109,124,144,161,184,205,222,236,239,238,239,225,206,186,176,175,175,175,173,173,174,174,174,176,178,180,181,179,179,179,179,176,175,175,176,178,178,178,178,181,181,180,178,177,176,173,172,172,173,174,175,176,173,174,177,175,168,157,150,157,163,166,169,172,173,173,173,172,172,172,172,172,171,170,170,172,172,171,171,167,166,166,165,164,164,162,162,162,162,161,159,159,158,156,155,155,154,153,151,150,152,146,140,154,96,22,2,2,3,56,127,79,3,3,2,0,50,103,74,73,72,74,78,85,88,83,87,91,82,79,92,99,97,99,96,96,94,91,89,88,87,87,87,84,84,88,88,86,88,90,91,91,88,87,89,91,91,89,89,88,88,87,84,83,82,80,78,78,79,80,79,78,74,72,71,69,68,67,65,66,67,64,58,56,55,55,55,49,47,43,39,36,35,33,31,33,31,30,32
108,104,102,106,100,99,95,97,98,106,112,111,115,115,72,70,75,102,112,114,140,111,77,80,83,77,73,73,66,64,95,146,71,35,50,53,51,50,46,38,42,57,64,71,47,17,26,77,98,99,103,101,99,100,101,103,103,103,103,103,105,106,110,113,111,111,113,112,110,110,111,113,112,113,117,120,114,113,113,113,109,111,115,117,118,119,120,119,114,112,112,115,117,120,122,122,123,126,126,122,120,129,128,127,131,130,129,127,122,123,122,122,127,132,138,139,132,132,124,122,136,154,182,208,226,236,241,244,242,225,206,189,180,175,173,175,175,175,173,172,172,174,176,178,179,179,179,180,179,179,179,179,178,177,176,177,179,179,179,179,179,178,176,173,172,171,170,170,176,177,178,178,178,177,173,163,152,142,134,133,135,143,150,155,160,165,170,170,170,170,170,170,171,170,171,173,173,173,173,172,171,171,169,169,166,165,164,163,163,163,161,159,159,158,156,155,156,153,150,150,153,146,114,113,113,54,6,1,5,54,124,123,29,0,2,3,48,113,121,101,83,77,70,66,65,66,67,66,72,89,99,105,105,104,106,105,106,103,98,95,93,92,93,91,86,85,88,86,77,84,87,83,84,82,80,81,85,86,86,88,89,87,85,86,84,82,81,80,81,81,81,80,79,78,77,77,76,75,74,72,71,71,70,69,66,66,66,65,62,63,62,58,57,54,49,45,48,45,38,34
95,100,99,96,92,94,103,119,121,119,114,106,111,102,71,76,81,108,113,79,105,141,80,53,59,50,38,94,59,37,48,72,38,33,49,76,78,83,90,91,92,95,94,92,69,70,88,86,96,99,99,98,98,100,102,103,102,101,104,107,109,108,108,109,111,110,111,109,106,107,110,114,115,114,115,116,120,118,115,112,109,114,118,118,116,118,121,123,120,120,118,117,114,116,118,120,126,125,124,124,127,128,128,133,130,130,128,121,120,133,143,156,152,139,126,114,118,136,159,184,211,230,235,241,243,237,224,207,187,178,177,176,177,175,174,174,175,175,174,173,176,177,177,178,179,179,178,178,179,179,179,179,179,177,177,178,177,177,177,177,175,172,171,170,169,170,171,172,179,179,180,181,174,165,151,136,130,134,135,135,136,135,135,136,140,144,150,156,159,161,163,166,173,173,172,173,173,173,172,172,172,171,170,169,168,166,165,164,164,164,163,160,159,158,156,155,157,154,151,153,129,79,90,107,99,48,4,14,62,125,144,106,12,2,1,5,97,137,129,128,123,120,115,111,105,97,100,105,109,113,112,110,113,113,115,112,114,112,106,101,98,97,98,97,93,91,92,90,84,83,82,82,82,78,75,76,79,82,84,86,87,85,84,85,83,82,82,81,82,82,81,80,81,80,79,79,78,77,75,73,74,74,74,76,75,73,74,72,72,69,66,66,66,66,64,61,59,58,56,55
94,98,96,92,91,91,97,99,98,94,95,102,128,91,70,71,85,108,111,70,72,147,118,29,20,25,70,100,47,44,59,46,45,90,88,91,92,91,91,92,92,95,92,95,91,85,97,94,102,99,97,98,96,97,100,101,100,101,104,106,108,106,104,103,105,106,110,110,107,110,113,114,115,116,120,122,123,118,116,118,118,121,120,115,115,115,117,122,128,125,119,115,115,117,122,126,125,122,125,133,132,128,121,119,111,113,126,139,135,140,134,122,121,122,135,156,181,208,230,241,244,241,238,225,203,182,175,175,176,177,174,176,177,174,173,174,177,177,176,176,177,177,179,179,179,179,179,179,179,179,179,179,178,177,178,178,174,174,174,174,173,172,171,172,174,175,176,179,181,180,172,162,145,135,132,133,130,130,132,135,133,132,136,138,137,138,138,137,137,141,146,151,162,168,172,173,173,173,171,171,170,170,169,168,168,168,167,165,165,165,163,161,159,158,156,155,156,156,152,106,43,68,126,118,103,38,28,91,127,131,156,77,4,3,0,17,110,137,135,136,131,126,123,122,120,118,116,118,118,116,115,115,108,107,110,107,106,108,108,106,103,103,103,102,98,96,96,93,92,94,94,93,89,84,81,81,80,83,86,89,86,86,86,85,83,83,83,83,84,84,83,82,80,79,76,75,74,74,76,76,74,75,76,77,76,73,75,72,69,69,69,70,69,69,67,65,63,61,60,63
93,94,92,92,92,91,94,93,94,94,100,121,135,78,66,71,80,112,107,63,79,153,153,67,0,0,37,74,28,17,20,19,56,93,89,88,90,88,89,91,93,93,94,96,101,88,87,99,110,103,100,99,100,98,98,100,102,102,102,102,102,101,104,100,100,103,106,108,112,109,106,113,113,119,122,119,119,115,117,121,117,115,115,112,115,113,109,113,119,119,117,118,118,118,121,123,124,125,120,119,116,112,119,129,140,143,127,120,115,118,125,136,157,178,208,228,240,241,242,239,224,205,186,174,173,174,176,176,178,178,177,176,175,175,176,177,178,178,178,178,178,179,180,181,179,179,180,180,180,181,181,178,176,176,177,177,174,174,174,174,175,176,178,180,181,178,180,179,172,155,140,136,132,131,137,137,134,131,133,138,135,130,130,134,139,140,137,135,135,138,141,143,143,140,143,155,163,167,168,173,171,170,169,169,167,168,167,166,165,164,163,162,161,160,159,159,158,142,85,31,32,153,209,183,141,75,107,140,150,140,116,18,3,2,0,44,138,143,139,136,131,129,129,127,123,121,117,116,115,116,115,112,109,109,109,107,103,102,102,102,104,104,104,104,102,101,97,98,98,98,97,95,93,90,88,88,88,90,91,92,91,90,88,87,84,84,85,86,86,85,84,83,79,75,71,66,64,68,74,77,78,78,78,78,74,71,74,72,70,70,69,68,67,66,65,64,64,62,61,62
92,92,90,92,95,95,97,100,108,109,115,141,123,66,66,72,70,110,99,53,84,159,161,133,26,2,6,24,37,45,56,68,81,88,88,89,93,90,88,89,90,95,97,95,98,100,90,89,103,107,96,98,99,98,100,102,102,103,96,99,103,101,103,99,99,100,101,103,108,101,103,106,112,115,117,118,119,121,121,117,111,108,112,113,112,108,112,115,120,123,124,127,129,130,125,119,119,118,110,114,126,141,151,147,139,127,116,117,137,160,181,206,225,237,239,238,237,230,209,188,178,175,175,177,177,178,178,178,180,179,179,178,175,175,176,176,178,178,178,178,179,180,181,181,181,181,181,181,181,182,181,178,176,175,175,175,175,176,177,178,179,182,183,182,182,180,174,161,146,135,131,135,142,140,139,148,147,141,137,137,136,133,132,136,137,140,140,141,138,139,140,140,139,137,139,138,137,137,139,147,160,164,166,166,167,166,166,165,165,163,161,160,158,160,161,149,107,55,18,14,76,208,230,211,165,130,144,151,140,135,64,2,2,3,1,77,141,141,136,132,131,130,129,125,125,125,122,119,117,116,117,114,113,115,113,109,107,107,105,103,103,103,103,103,101,99,95,97,101,101,99,96,93,91,89,89,92,97,99,96,94,91,88,88,87,85,84,84,86,87,84,80,73,70,67,62,64,62,63,65,69,72,72,71,72,72,70,71,72,68,67,69,70,69,67,65,65,66,66,63
93,93,91,95,101,102,102,109,113,113,132,144,98,63,67,75,67,82,103,60,95,164,158,158,92,6,0,4,45,92,94,92,89,89,94,91,87,87,89,90,89,88,91,94,94,96,97,95,96,109,95,96,92,92,94,98,100,100,96,100,101,98,101,98,96,99,103,107,106,100,102,104,108,112,115,116,116,117,116,113,110,110,115,117,117,114,119,121,124,125,122,123,122,116,113,114,118,127,145,148,140,131,122,113,124,142,160,183,205,225,234,239,237,238,233,216,195,182,177,174,177,178,179,179,178,178,178,179,180,180,180,180,176,176,176,177,179,179,179,179,181,182,182,182,182,182,181,180,179,179,177,176,176,175,175,176,178,179,180,182,182,181,181,181,172,158,145,135,133,136,137,136,144,147,143,143,141,139,138,137,138,139,141,142,141,143,143,143,141,140,138,136,139,139,139,138,137,135,132,126,129,136,146,152,160,164,165,164,162,161,159,158,159,160,152,105,40,15,3,14,144,226,232,216,183,140,131,131,129,114,28,1,3,3,16,105,135,132,129,129,130,127,123,123,125,125,123,120,117,118,120,118,118,120,118,113,112,111,109,108,107,105,103,102,101,101,99,101,102,102,101,98,94,92,90,90,92,99,101,96,91,88,88,90,86,83,82,82,85,86,84,81,80,78,77,74,70,66,63,65,64,59,58,61,61,65,67,72,74,72,70,69,68,68,68,68,65,69,68,64
97,101,101,101,101,105,104,113,110,117,137,141,103,66,69,70,94,144,160,91,112,162,160,159,143,63,29,33,73,179,113,82,90,90,95,91,89,89,89,88,91,93,94,93,90,91,85,86,91,107,98,94,94,94,96,98,98,95,101,103,97,94,100,99,99,101,104,105,108,106,103,108,109,113,116,117,116,114,111,111,108,112,118,116,117,114,110,113,113,112,110,111,111,119,129,136,143,136,128,121,112,119,138,159,183,206,224,237,240,240,237,229,214,197,181,176,178,180,178,180,178,177,176,175,180,180,180,180,179,180,180,180,180,180,180,181,181,181,181,181,183,183,182,182,181,180,179,177,176,174,173,173,174,175,178,179,182,181,182,182,181,180,171,158,143,137,137,137,138,139,142,143,145,143,144,140,139,140,139,138,138,141,144,144,147,146,143,140,140,140,138,136,139,139,137,150,147,139,138,135,131,128,127,130,134,140,148,153,158,159,159,159,155,156,141,63,18,10,9,63,201,234,232,214,174,128,122,116,126,69,4,1,3,1,45,121,125,126,125,126,126,124,118,116,118,118,120,122,121,120,119,117,118,118,118,117,116,112,112,115,115,112,107,103,105,109,106,104,105,105,103,101,95,92,91,91,87,88,91,91,88,85,86,89,85,83,83,84,84,84,83,82,83,83,83,80,78,76,75,74,74,71,69,68,66,67,74,74,76,77,75,70,68,67,67,66,66,68,67,66
114,105,106,103,95,104,109,117,119,124,126,130,112,79,68,72,91,162,164,137,133,163,162,161,158,130,68,80,102,131,62,41,55,67,81,88,92,91,89,88,90,93,91,86,84,83,81,83,91,105,103,92,94,97,99,93,89,94,101,99,95,96,100,98,99,105,106,104,105,107,110,113,110,111,112,110,136,133,113,115,112,115,117,110,110,110,105,108,107,108,116,121,128,136,135,127,115,112,123,137,153,177,204,220,234,237,238,236,230,212,192,181,175,174,177,177,179,179,180,178,176,177,177,177,179,179,179,178,176,178,180,181,183,184,185,184,183,182,181,182,184,184,182,181,180,179,178,177,175,173,173,175,178,180,183,183,183,184,182,177,166,155,143,135,132,136,139,140,140,142,144,145,142,139,139,139,138,137,136,137,140,142,144,143,142,139,138,138,138,135,134,138,140,137,140,147,144,141,140,138,135,134,135,133,127,125,121,123,136,147,153,155,152,155,127,51,12,28,39,148,227,238,231,213,159,134,126,126,113,24,0,1,1,10,90,127,120,123,120,119,118,115,115,116,116,114,114,114,113,114,113,111,111,112,112,112,112,113,113,114,115,113,109,104,103,105,105,103,103,101,101,101,97,94,92,89,87,86,87,88,88,85,85,86,83,83,84,85,83,84,85,82,83,83,81,81,79,76,75,78,79,80,78,76,75,76,79,77,75,76,74,71,69,68,67,67,65,64,64,66
103,84,94,106,105,109,112,119,116,114,118,111,85,101,77,86,120,160,155,161,158,160,163,163,161,157,94,49,60,66,56,33,17,17,48,64,79,89,86,85,85,85,84,83,87,89,90,94,98,106,107,94,94,98,94,92,90,98,98,96,101,104,102,102,103,106,103,99,100,107,112,110,107,106,107,110,120,123,120,112,115,107,106,105,105,108,102,126,144,136,137,125,109,109,109,116,129,154,175,199,220,233,234,236,237,226,212,192,179,175,173,176,177,178,178,179,179,176,176,178,178,179,180,181,179,178,178,178,179,181,183,184,185,187,187,185,184,181,181,182,181,182,181,179,178,178,177,177,178,178,180,182,184,184,184,184,186,181,168,153,145,141,142,141,135,136,139,140,139,140,141,142,138,137,136,136,137,136,136,136,138,140,140,140,137,136,136,137,137,135,135,139,141,138,138,140,138,136,136,134,133,133,134,132,131,128,128,124,123,121,131,148,147,147,117,52,43,96,118,203,235,241,229,200,140,130,128,137,73,3,1,2,0,36,116,125,126,127,123,123,119,116,116,117,114,108,103,102,103,105,107,108,108,108,108,109,111,112,112,111,109,105,104,103,103,104,102,100,100,98,95,94,96,95,93,92,89,88,88,89,88,87,87,87,84,84,84,84,83,82,83,82,82,82,81,81,81,80,78,77,79,77,76,76,76,76,78,77,75,74,73,71,69,70,68,65,64,63,63,63
103,104,104,102,99,99,102,106,106,104,120,83,59,79,85,98,149,116,143,156,161,164,164,162,159,161,140,46,10,21,25,34,70,36,22,30,51,70,80,84,85,84,85,87,93,92,91,93,91,98,106,100,96,99,97,94,93,99,99,98,101,107,102,96,100,102,99,96,96,99,106,113,111,108,109,114,117,119,110,105,109,109,111,111,117,123,130,183,172,116,113,112,111,134,151,172,195,217,227,235,234,234,230,213,194,177,171,174,174,172,173,177,177,176,176,176,177,176,178,180,180,179,178,177,180,181,181,181,184,185,186,187,187,187,186,184,183,180,179,179,177,178,178,176,175,176,177,178,182,184,185,187,186,186,183,180,168,152,144,148,153,150,148,145,139,139,140,140,139,139,138,139,136,136,135,134,135,136,136,136,137,137,137,135,134,134,136,138,137,137,137,138,138,137,138,140,137,134,134,133,132,131,129,129,129,128,127,124,124,129,138,148,144,141,127,53,67,114,163,221,243,245,226,181,126,123,128,118,30,2,2,2,5,72,123,120,123,122,120,126,126,123,125,125,119,114,109,106,104,104,105,106,105,105,105,105,110,111,110,109,105,102,101,100,100,101,100,97,97,95,95,95,93,93,94,94,93,92,90,90,89,89,89,88,88,87,85,84,86,84,83,81,77,78,79,79,76,79,81,79,77,75,74,74,74,74,74,75,75,73,72,70,70,70,68,65,64,64,63,62
98,94,97,99,100,100,103,103,105,105,119,70,61,60,77,108,112,85,103,157,161,163,164,162,160,162,159,101,9,3,2,17,77,32,6,16,19,30,61,84,88,88,89,91,94,92,88,89,97,102,106,103,98,102,105,99,101,104,111,111,100,93,93,94,96,99,99,99,100,104,111,118,119,113,106,104,101,101,97,102,108,116,134,141,135,129,117,130,152,126,136,152,176,198,217,228,231,233,233,231,218,197,178,171,170,172,174,174,173,173,174,176,177,177,176,176,175,174,174,174,176,177,178,179,181,181,183,183,185,186,187,187,186,186,184,181,179,177,176,175,174,175,176,175,175,178,180,183,186,186,187,187,188,180,165,152,144,143,145,149,150,148,147,145,144,143,142,140,139,139,138,138,134,133,132,131,133,136,137,136,138,139,138,135,134,134,137,139,139,138,137,137,138,139,137,135,135,134,133,132,135,131,127,128,130,130,124,130,143,149,149,145,142,133,123,79,90,124,173,228,245,242,211,155,124,120,129,86,9,2,2,0,22,95,114,114,115,115,110,110,110,108,110,112,117,119,120,118,117,114,112,110,107,107,106,106,105,106,107,106,102,102,104,102,101,103,102,101,99,95,93,92,89,90,92,94,95,93,92,92,90,91,90,89,89,87,84,82,82,83,85,82,79,79,77,76,77,77,77,77,75,75,74,72,73,72,70,73,71,68,67,67,71,68,66,66,62,63,62,59
96,95,98,101,101,101,101,102,102,105,111,59,60,56,62,104,123,104,74,128,160,163,163,164,162,163,160,152,60,1,4,5,30,47,52,57,53,38,30,41,68,87,94,98,96,95,97,102,107,111,107,104,103,104,101,100,100,102,107,106,102,102,100,102,99,97,98,105,113,115,115,113,111,106,98,97,102,103,122,144,139,140,132,115,105,110,119,137,158,175,202,221,230,231,230,231,228,218,196,179,172,171,172,173,174,174,175,175,174,174,174,175,177,177,175,173,173,174,175,175,176,178,181,181,181,181,182,183,185,184,183,184,184,183,180,177,175,175,174,174,175,177,178,179,182,183,185,186,185,187,188,177,159,147,141,143,144,145,145,145,147,149,147,147,147,147,146,144,142,141,138,137,132,132,132,133,134,136,137,136,136,137,136,137,135,134,137,140,140,140,140,139,136,137,138,135,131,133,134,130,128,129,127,124,121,123,135,149,155,150,146,145,141,131,119,109,118,121,119,144,170,175,136,96,120,124,124,60,9,3,2,8,47,78,85,104,113,110,107,107,106,105,104,104,108,107,106,109,112,116,120,122,120,120,115,108,104,105,103,103,103,101,101,104,105,104,101,99,94,92,91,89,88,88,88,89,89,91,92,92,91,91,92,90,87,87,86,84,82,82,83,84,83,83,80,77,78,78,77,76,75,75,74,73,74,73,69,71,67,63,62,65,65,64,63,61,58,60,60,60
95,99,101,100,102,100,100,102,105,116,98,56,62,56,49,34,111,144,76,81,152,160,164,163,163,164,163,163,130,26,0,3,17,54,81,89,91,86,78,64,56,80,101,100,105,106,105,110,106,105,107,104,106,99,94,100,105,102,104,102,104,107,110,107,102,103,106,110,114,114,105,97,99,98,103,113,122,125,133,137,115,107,109,115,130,153,175,198,216,230,232,230,230,230,218,194,179,169,172,172,172,173,173,173,176,176,175,173,173,175,175,176,177,175,174,174,175,176,177,178,179,180,181,181,183,183,182,182,182,183,182,180,181,180,177,174,173,174,175,177,181,182,183,184,185,185,187,188,184,175,162,144,142,145,148,148,146,145,145,145,147,148,147,146,145,144,142,140,135,133,132,135,134,133,134,135,135,137,138,134,134,134,137,139,139,136,138,140,138,139,139,138,136,137,137,136,132,134,135,133,131,126,124,125,130,146,154,151,147,146,145,141,138,135,132,121,115,113,113,104,100,99,94,105,124,124,115,87,64,54,48,49,54,55,73,111,119,116,113,112,111,109,108,108,106,105,104,107,104,104,107,109,112,120,123,120,117,113,112,106,104,101,101,102,101,99,97,94,91,90,88,88,89,88,87,88,87,88,90,91,92,91,92,90,89,90,90,90,86,86,85,83,81,81,81,80,80,79,78,77,77,76,75,74,76,74,72,72,70,66,65,66,63,61,61,59,57,57,59,59
97,96,97,101,102,100,100,102,107,122,78,59,67,74,63,53,172,184,114,64,102,158,163,165,163,164,164,164,164,103,20,20,64,91,91,89,92,93,99,101,105,104,109,103,103,110,110,110,112,108,106,102,109,104,95,97,102,97,95,92,99,109,113,110,105,107,104,102,102,97,94,104,117,122,116,122,122,110,104,110,120,141,155,174,197,218,230,232,230,232,230,216,197,176,167,167,168,172,174,173,172,173,173,174,174,176,177,177,175,174,174,173,172,172,174,177,178,178,179,180,182,183,182,181,182,183,182,180,180,180,179,176,176,175,174,173,174,176,179,181,185,185,186,186,187,188,184,171,157,148,147,149,148,147,146,147,148,146,146,146,147,147,147,144,140,139,136,135,132,131,130,134,137,136,136,136,135,136,139,134,134,135,138,136,135,132,134,137,137,138,138,137,136,135,135,136,133,133,134,132,127,125,130,140,152,159,156,150,145,136,140,147,147,134,121,122,123,117,112,110,105,100,98,105,123,122,118,119,118,117,114,107,103,105,115,126,126,124,121,119,118,116,114,114,109,109,108,109,108,105,107,107,105,105,106,106,112,113,115,115,112,116,113,107,101,98,94,92,93,93,91,91,91,89,88,88,87,88,90,92,91,90,90,88,89,89,89,89,87,87,85,82,80,80,81,84,84,82,80,79,79,77,76,74,73,74,75,75,73,70,69,71,65,60,60,59,58,58,58,58
95,98,100,101,100,101,102,104,106,115,67,67,78,82,61,81,204,177,149,96,68,127,164,166,168,168,165,165,165,158,103,40,49,81,93,91,93,96,97,101,102,99,100,98,102,107,107,100,97,100,96,92,97,107,105,98,97,98,99,94,101,113,103,97,93,93,93,98,104,119,121,120,120,109,98,97,103,116,136,154,175,195,216,228,227,226,230,229,219,198,178,171,168,168,168,170,172,174,173,173,172,172,174,175,175,175,174,173,173,173,173,173,174,173,176,180,181,182,183,184,185,184,182,180,180,183,184,181,179,176,174,174,173,172,173,176,178,181,182,185,187,187,186,186,184,174,162,150,150,150,151,151,151,149,146,146,149,148,147,146,145,143,143,140,138,138,137,136,139,140,138,138,139,138,137,137,139,137,143,141,139,135,135,132,129,127,130,134,136,137,137,135,135,135,135,136,133,131,130,127,127,138,147,150,150,150,150,147,144,151,161,157,137,123,123,130,122,115,115,113,106,104,104,103,110,116,121,118,115,112,111,107,111,115,117,121,122,123,121,120,121,119,116,116,116,116,114,112,110,110,111,109,107,104,104,104,110,114,108,110,111,111,112,112,108,106,103,100,97,96,95,94,93,90,89,89,89,91,92,92,91,89,89,86,83,83,84,84,84,83,82,83,81,80,81,85,89,88,86,84,82,79,77,75,72,73,75,72,70,68,69,72,68,65,62,57,58,57,55,54
98,98,102,101,100,101,105,103,113,115,73,75,85,85,57,110,205,169,158,144,79,83,151,166,167,168,165,164,165,167,152,80,57,57,86,99,101,102,101,101,98,95,96,100,103,102,98,87,87,90,91,89,94,101,103,100,98,99,96,93,92,92,102,102,98,106,111,116,123,125,111,100,100,101,111,125,150,170,196,217,224,224,224,226,229,218,196,178,168,166,168,168,167,168,170,171,170,170,171,171,170,171,173,174,174,171,170,170,172,173,174,177,178,178,179,182,184,185,185,185,185,184,183,181,181,184,183,180,178,176,175,174,175,176,177,181,183,184,187,188,188,189,188,185,168,154,153,155,156,154,151,151,151,150,149,151,151,152,150,146,144,142,144,139,139,140,141,141,140,143,140,141,142,142,142,141,139,141,148,143,138,135,131,129,127,126,130,134,136,136,136,135,135,137,135,135,133,127,127,133,147,156,151,149,136,136,138,140,166,171,148,136,125,125,131,136,120,114,112,106,102,100,111,115,112,111,116,117,117,113,106,105,107,112,115,114,116,120,118,118,122,120,117,117,117,117,115,112,113,116,115,111,108,107,106,106,108,107,105,105,105,104,105,106,106,106,109,108,106,106,103,102,96,94,92,90,89,89,90,89,90,89,87,86,84,83,81,82,82,81,81,81,81,81,81,81,83,84,87,88,87,81,78,79,79,77,74,72,71,69,69,69,69,68,65,63,61,58,56,53
100,98,101,102,101,105,106,109,127,92,67,70,82,86,56,140,202,161,157,160,123,70,105,163,165,167,168,166,166,164,164,135,69,48,81,103,103,103,98,91,91,94,95,95,94,100,95,90,92,92,95,96,97,94,96,101,93,94,89,94,92,96,114,119,120,123,119,102,101,98,99,116,129,142,167,193,214,225,223,223,226,227,218,197,178,166,167,166,167,167,168,168,168,169,170,170,170,170,172,172,172,171,171,171,169,169,170,171,172,173,174,177,180,183,183,183,184,183,183,183,182,182,181,180,179,181,181,179,179,179,179,179,179,180,181,183,185,187,188,189,190,191,192,191,182,167,158,155,154,153,153,153,154,153,152,153,150,150,148,144,142,143,141,141,145,145,144,145,144,144,141,142,145,146,146,144,144,163,163,140,137,135,130,127,124,123,128,133,136,138,138,137,136,131,132,133,129,126,136,153,160,158,155,146,131,135,138,138,148,147,139,135,115,116,127,125,125,123,117,109,106,106,115,116,111,102,110,115,116,117,116,116,116,117,118,119,119,120,118,116,117,118,117,119,120,119,117,116,117,119,116,111,110,111,112,113,112,109,107,107,107,107,107,108,108,105,103,99,99,101,100,101,102,102,103,103,99,95,93,91,89,89,88,88,84,80,79,80,81,80,79,79,79,80,80,81,79,80,81,82,81,81,80,79,80,80,77,74,72,72,72,69,69,69,68,68,66,62,61,58
103,107,109,103,102,107,110,118,125,66,63,77,74,76,69,163,198,157,155,159,157,103,72,129,167,168,168,168,168,167,166,158,101,61,63,78,91,92,94,91,92,95,97,95,94,99,97,95,98,101,98,91,91,97,99,98,105,95,90,105,118,122,133,128,114,96,94,101,113,132,147,166,189,212,226,222,221,224,226,215,194,175,167,166,166,164,165,168,167,167,168,169,170,171,171,171,172,172,172,172,171,169,167,168,168,169,172,172,171,172,174,177,182,184,184,184,183,182,180,179,178,178,178,177,176,177,176,177,179,180,181,182,182,182,182,184,186,187,188,190,190,191,191,192,191,187,179,169,158,154,152,153,155,154,152,153,151,148,146,145,145,145,143,144,147,148,148,146,146,144,140,141,143,144,146,146,143,140,141,138,132,131,128,126,123,122,125,130,135,137,137,135,131,129,131,127,129,142,154,158,160,152,153,161,151,142,137,136,138,146,149,144,115,95,97,104,113,116,117,116,110,106,109,102,96,98,109,116,116,117,117,118,119,118,119,120,120,121,120,117,116,117,116,116,119,120,122,123,122,118,113,113,114,114,114,114,111,115,115,112,110,108,107,108,109,104,101,98,97,97,94,93,96,98,100,101,103,108,110,104,97,96,92,87,83,79,79,79,79,78,78,78,78,78,79,79,79,78,77,77,76,78,80,79,80,80,79,78,75,74,73,70,69,68,68,68,69,65,64,63
107,108,110,106,106,107,117,123,107,63,66,71,75,98,104,169,183,156,158,161,161,150,85,85,150,168,169,169,168,168,167,168,145,74,61,76,80,82,92,95,96,101,102,96,92,90,92,91,90,93,94,93,97,98,100,105,111,112,120,120,114,104,103,94,100,112,127,147,166,186,211,222,220,220,221,226,214,194,176,166,163,167,165,163,165,166,166,168,167,168,169,170,172,172,171,171,171,171,169,169,169,167,166,168,170,173,174,174,177,178,179,182,183,182,182,183,183,181,178,176,174,174,174,174,173,173,174,176,179,179,181,181,183,184,184,185,186,187,188,188,188,187,187,187,186,187,188,190,184,173,160,153,153,152,151,151,151,147,145,146,148,145,149,148,147,148,149,150,147,144,138,140,141,142,141,138,143,141,135,130,126,126,124,124,126,125,127,131,132,132,132,131,127,125,124,131,140,150,154,149,151,165,184,177,152,149,147,147,146,153,152,150,144,128,109,99,97,96,96,101,100,96,98,92,95,110,111,112,115,115,115,118,117,119,121,121,120,121,122,119,118,120,119,118,119,122,123,123,123,120,115,114,116,116,116,116,115,113,111,112,109,108,106,107,107,103,100,96,96,97,95,94,92,91,89,87,88,88,92,95,97,100,99,97,94,90,88,83,82,80,80,80,79,77,76,76,78,77,75,74,75,76,77,78,79,80,80,79,77,73,72,71,70,69,68,68,68,64,63,63
105,107,107,109,114,119,129,133,93,62,74,69,89,131,127,126,121,147,157,161,159,164,128,74,103,163,171,171,168,168,168,167,163,125,82,74,60,66,89,97,96,95,92,88,88,92,91,88,90,89,91,99,97,101,104,109,118,114,106,97,85,97,104,127,146,165,191,211,222,220,220,218,223,217,196,174,161,161,164,165,163,163,165,166,166,168,169,168,170,170,170,170,171,170,168,168,169,169,168,168,170,170,171,172,176,178,179,181,181,181,182,182,181,180,180,180,179,176,173,171,171,172,173,173,173,174,175,177,179,180,181,183,184,185,185,186,187,187,187,187,187,187,187,187,190,192,194,195,198,199,190,175,161,153,151,150,148,144,145,148,148,149,154,153,150,146,147,151,147,143,139,137,137,139,139,133,137,129,124,125,122,124,124,126,129,133,134,136,134,130,127,127,121,116,131,148,151,151,141,149,176,192,177,156,153,160,163,161,162,162,151,149,152,150,146,144,132,105,86,83,82,83,89,94,107,111,109,108,111,111,114,118,117,119,121,122,119,119,120,121,122,122,119,119,126,126,125,123,124,120,114,113,116,117,117,116,117,112,109,111,110,110,110,109,107,104,101,99,99,96,95,93,92,91,89,88,88,88,87,85,85,84,85,88,91,95,96,92,91,88,85,83,81,77,74,73,73,73,73,74,73,75,74,77,77,78,78,78,75,72,71,71,71,68,68,66,62,61,60,59
108,112,112,117,124,124,116,126,73,69,69,71,94,123,115,109,78,112,158,158,161,162,164,110,81,130,171,171,169,169,169,168,164,161,96,51,58,59,75,89,89,89,85,86,89,92,85,86,95,100,105,110,116,111,95,82,93,98,101,106,118,138,150,185,210,222,221,218,219,223,215,192,175,162,163,162,159,161,163,164,164,164,164,164,168,169,169,169,168,168,168,168,168,167,167,167,168,169,171,171,175,175,175,175,180,181,182,183,181,180,178,177,178,177,177,175,173,172,172,172,173,173,173,174,175,177,178,179,181,181,181,182,184,184,184,185,186,187,187,187,189,191,191,193,194,195,197,197,199,201,202,198,188,171,158,150,149,148,148,150,151,151,155,154,152,150,149,148,145,141,137,136,135,133,132,133,136,127,123,126,125,127,128,129,135,136,133,134,131,131,128,122,119,126,141,149,153,160,164,184,185,173,159,160,164,165,165,162,161,159,154,155,157,154,152,151,147,136,116,106,99,99,101,96,98,107,111,110,109,108,109,111,112,113,117,120,118,117,117,119,120,120,118,120,125,126,124,122,122,119,113,111,115,114,113,111,112,109,108,109,107,107,109,108,106,105,103,103,103,99,98,94,94,93,93,94,91,91,89,87,89,86,83,83,82,86,87,86,87,88,91,93,93,89,84,82,80,75,73,73,70,70,74,73,72,73,74,74,73,72,71,71,70,67,68,67,62,61,58,57
113,116,115,119,117,111,113,112,67,72,61,70,94,99,99,94,67,76,134,162,161,165,167,157,104,89,148,174,169,172,172,171,168,166,138,68,57,61,75,81,85,90,85,83,88,90,100,110,119,122,118,102,100,97,92,85,97,120,133,155,191,209,192,207,215,220,222,211,192,171,159,156,157,160,161,160,159,160,161,163,162,163,166,168,169,169,169,168,165,165,165,165,166,168,169,170,171,171,173,174,177,177,177,177,179,180,180,181,179,176,173,172,173,173,172,172,172,172,173,174,174,174,175,175,177,179,180,182,182,183,183,183,184,185,185,186,186,187,188,188,191,192,193,194,195,195,197,197,198,199,199,200,199,196,188,171,157,153,151,153,154,152,154,154,152,152,150,145,142,139,135,135,136,137,133,133,138,130,126,133,128,128,129,128,132,135,130,128,128,131,130,127,133,139,146,160,176,206,197,173,168,171,175,175,172,166,161,159,157,156,157,158,154,151,150,148,146,149,139,131,126,119,114,107,104,113,116,115,113,110,108,110,113,112,113,116,116,113,114,118,121,122,121,123,125,125,123,121,118,118,114,112,111,110,110,110,108,112,111,104,104,104,104,106,106,104,104,105,104,100,99,95,96,97,97,97,95,93,91,91,90,87,87,90,92,92,89,84,80,79,79,82,84,86,87,87,87,86,83,82,79,76,76,71,70,70,69,69,68,69,69,68,67,64,66,65,61,60,57,56
114,114,110,111,110,107,117,99,72,64,56,76,116,114,121,94,64,67,91,150,164,164,164,167,156,112,103,160,172,172,173,173,170,167,168,120,60,59,79,83,91,89,86,94,104,116,117,115,103,92,91,88,92,105,122,134,159,187,194,194,215,211,193,208,214,192,168,156,155,156,154,158,159,159,158,160,161,160,162,165,165,165,166,167,168,168,167,166,165,165,165,165,166,167,170,172,173,174,174,174,176,177,178,179,180,180,181,181,176,173,171,170,169,170,171,172,171,172,174,174,175,176,176,176,178,180,181,182,182,183,184,185,185,186,186,187,190,190,192,193,193,193,193,194,195,195,196,196,195,195,195,196,196,198,203,200,188,174,163,161,156,153,155,156,154,154,152,148,145,142,140,139,135,136,134,150,164,148,156,154,132,128,128,126,126,127,124,125,130,146,155,151,145,156,184,202,204,180,163,172,176,172,178,179,168,161,156,159,159,158,161,158,155,153,151,150,149,149,148,142,141,136,129,126,125,127,124,122,123,119,115,114,115,115,115,114,116,113,113,117,117,118,118,121,122,119,117,118,118,120,119,117,117,116,116,117,114,112,108,105,103,102,101,102,101,99,101,103,103,102,102,99,98,102,101,97,97,95,94,94,93,92,91,92,90,90,87,84,82,80,78,78,78,79,79,78,80,83,85,83,86,89,85,82,76,73,71,68,64,66,65,64,65,61,61,60,59,58,57,57
106,109,107,108,106,112,117,86,67,57,55,90,136,136,136,89,63,66,68,124,164,163,165,167,172,157,97,133,171,174,175,175,171,169,173,160,92,69,78,84,92,97,107,115,108,102,90,85,88,85,102,118,137,159,185,210,216,210,207,177,214,212,174,154,161,155,153,152,154,155,156,156,157,157,158,161,162,163,164,165,165,166,167,167,166,166,165,164,167,166,166,167,168,169,170,172,176,177,178,179,177,177,178,178,178,178,177,176,173,172,170,169,170,169,170,171,172,173,174,176,178,179,179,178,180,180,182,182,183,185,186,187,188,189,190,192,192,192,192,192,193,193,193,193,193,193,194,195,194,192,193,195,196,198,199,200,200,198,193,188,172,162,158,154,154,158,157,153,150,148,146,143,140,140,133,192,239,228,234,191,136,129,130,130,126,122,121,133,148,162,160,154,161,191,204,186,165,154,159,169,170,171,173,168,160,158,156,156,158,161,160,156,154,154,152,152,151,151,146,143,142,138,133,131,129,127,126,127,129,129,124,118,115,115,115,116,118,116,116,116,113,111,113,116,116,115,115,115,117,118,119,118,119,119,118,121,123,116,109,105,103,101,100,101,98,97,98,98,100,100,99,99,102,103,102,101,98,96,98,97,97,96,95,93,88,88,87,84,80,80,80,80,80,80,78,77,76,76,77,75,77,80,82,83,81,79,79,77,71,69,66,63,62,59,57,58,57,57,55,55
104,109,112,111,113,115,121,79,55,54,58,101,138,144,136,87,66,68,74,132,164,163,165,166,169,170,139,137,171,174,179,177,173,171,173,172,144,76,76,70,82,105,97,87,83,82,86,103,116,136,158,186,209,215,209,207,209,215,207,170,148,152,146,142,152,151,152,152,156,157,158,158,157,157,159,160,162,162,163,164,165,167,170,170,168,164,163,164,167,166,166,168,169,171,172,173,178,178,179,179,177,175,176,177,175,175,174,172,170,170,170,170,171,171,171,173,175,176,177,178,180,181,181,181,184,184,184,185,186,187,187,188,191,192,193,194,192,192,192,192,193,193,193,193,190,189,190,191,192,191,193,196,198,199,200,200,199,199,199,199,195,186,175,163,156,157,156,153,151,150,148,146,144,142,139,214,255,254,255,199,136,130,132,130,130,129,133,153,162,152,165,190,193,183,166,154,153,158,168,172,170,169,165,159,156,162,162,157,156,158,157,155,156,155,152,150,147,149,147,146,144,141,137,133,132,130,129,129,129,129,126,121,116,116,116,118,117,112,112,114,114,114,116,118,115,115,114,114,114,112,111,112,113,112,111,115,116,113,108,103,102,101,100,101,99,98,99,99,101,100,98,97,99,101,101,101,97,95,97,96,98,96,93,90,87,87,86,85,82,82,82,83,80,80,78,78,77,74,75,74,73,72,72,72,71,72,76,77,77,76,75,75,71,67,62,59,58,57,54,53
104,116,110,111,111,112,110,68,59,59,62,104,146,147,119,78,69,66,90,155,163,163,165,166,171,170,169,144,167,174,176,178,177,174,171,173,172,96,47,64,77,79,80,92,104,119,137,160,186,209,213,208,204,210,216,204,181,163,151,147,133,148,151,140,148,150,152,153,155,156,158,158,157,158,160,160,160,161,162,163,165,167,170,170,168,164,163,165,166,165,166,168,171,172,173,175,178,177,175,174,173,173,175,176,173,173,172,170,169,169,170,172,172,172,173,174,177,177,178,179,181,180,181,183,186,187,187,188,188,188,188,188,190,191,192,193,194,194,194,194,193,193,193,193,192,191,190,191,190,190,193,197,197,199,200,200,199,199,199,201,202,199,196,189,174,161,152,150,150,150,152,154,154,145,149,229,255,254,255,205,137,128,130,128,133,146,150,148,153,183,202,196,178,167,163,167,165,167,173,175,169,167,162,160,163,163,161,159,158,158,158,157,156,154,152,150,147,148,149,146,145,144,140,136,136,134,132,131,127,126,123,120,117,117,118,119,119,114,114,116,118,119,119,119,117,117,116,116,118,113,107,105,109,112,111,110,110,110,109,106,105,103,100,99,98,98,99,99,98,98,99,100,98,99,100,100,94,93,95,93,94,93,89,87,86,86,86,85,85,82,82,85,82,81,81,81,79,77,78,78,75,72,72,72,70,68,68,67,66,66,66,69,74,74,72,69,65,62,58,55
105,115,112,110,111,123,89,63,64,62,72,109,141,134,93,72,73,74,113,160,161,163,165,167,171,171,176,165,150,175,178,180,179,176,172,173,174,153,63,46,60,68,110,141,161,188,205,213,205,202,207,213,202,178,158,147,145,147,146,150,142,139,149,138,147,150,151,151,153,154,155,155,155,157,158,158,157,159,161,163,165,166,167,166,164,165,166,166,167,168,169,170,172,173,175,176,176,174,171,169,169,173,175,173,174,174,173,171,171,172,173,173,173,173,174,175,179,180,180,181,183,182,183,186,187,188,188,188,188,188,188,188,188,190,191,192,194,194,194,194,193,193,193,193,194,193,192,193,192,191,193,195,195,196,197,197,197,197,200,202,201,198,199,196,192,183,171,164,156,151,151,153,153,145,165,244,253,251,253,207,140,130,132,138,146,150,147,171,190,198,185,170,173,176,173,166,165,163,164,166,163,164,163,165,166,165,162,159,159,158,158,158,154,154,152,152,150,150,151,147,146,147,144,140,138,135,132,132,131,128,124,120,119,118,119,120,120,117,116,117,116,117,117,117,118,118,117,117,117,117,114,111,113,115,113,113,112,111,113,114,110,106,101,98,98,97,98,97,96,95,95,95,98,99,98,97,93,92,94,92,93,92,90,89,85,86,86,85,84,84,82,80,80,81,81,81,82,83,83,81,78,74,72,73,70,67,66,63,61,62,63,62,62,62,64,67,65,66,69,71
107,110,116,111,109,112,70,60,56,48,65,93,98,98,77,75,77,82,134,161,162,164,167,169,171,172,173,174,158,160,177,176,180,179,173,173,175,173,124,46,56,64,80,172,212,202,198,205,210,197,174,153,143,143,146,146,146,145,145,147,147,138,142,137,146,149,151,151,152,152,151,151,152,154,155,156,156,158,161,162,163,164,165,165,165,166,169,170,171,171,172,172,172,173,173,173,171,170,168,166,169,172,171,170,172,172,172,172,173,174,175,175,175,175,177,177,181,183,184,184,185,187,187,185,185,186,186,187,187,188,189,190,190,191,191,192,192,193,193,193,193,194,194,195,194,194,194,194,193,191,191,193,194,194,195,195,195,196,198,199,198,196,195,194,193,191,189,185,173,164,157,149,148,144,180,250,254,254,253,213,142,137,142,147,138,157,193,207,177,170,170,169,176,176,175,174,173,165,156,155,155,156,160,161,162,163,161,158,160,154,153,156,154,155,153,151,154,155,149,145,148,150,149,146,143,137,133,132,132,132,129,126,125,125,122,121,119,115,113,115,115,111,110,113,117,116,114,114,115,117,118,118,117,115,113,115,115,113,112,113,109,108,106,103,99,97,96,96,94,94,95,94,94,94,92,90,89,90,91,90,89,88,92,92,88,87,87,86,84,84,81,76,75,77,79,81,83,82,80,79,79,77,73,71,68,66,66,63,60,62,61,60,59,58,58,58,57,59,62,62
110,112,106,102,104,99,58,60,58,41,30,51,73,82,77,76,79,102,151,160,162,164,167,169,171,171,173,174,176,153,172,169,176,181,177,174,175,176,169,89,52,60,52,117,207,209,198,174,154,140,143,143,143,142,143,145,144,143,144,144,147,141,135,139,146,150,149,149,149,149,150,150,152,153,155,156,156,158,160,162,164,165,166,167,168,170,171,172,172,172,172,172,172,172,172,172,171,167,165,165,168,168,167,170,171,171,171,171,172,174,175,175,178,178,180,181,183,185,186,186,186,187,187,185,185,186,186,187,187,188,190,191,192,192,192,193,192,192,193,193,193,194,194,195,194,194,194,194,193,191,191,193,193,193,193,193,194,195,196,197,195,195,194,194,192,190,190,188,184,181,174,159,146,143,196,255,253,254,255,219,156,156,156,155,182,199,192,179,172,174,174,168,162,158,161,168,175,176,170,165,160,158,156,160,159,160,155,150,153,150,151,155,151,152,150,148,150,146,144,142,144,147,146,143,140,138,137,137,134,132,131,131,130,131,130,123,118,114,113,115,115,111,109,110,113,114,114,114,116,115,114,114,112,111,110,114,116,114,113,113,113,112,109,106,101,99,96,95,92,93,94,93,92,91,89,87,87,88,88,87,86,85,87,89,90,89,88,87,84,81,78,76,74,75,77,78,79,77,75,76,78,76,72,70,68,66,66,64,61,61,60,59,59,58,57,55,57,57,54,52
103,103,97,100,118,88,52,53,51,48,29,20,55,86,84,76,81,125,158,157,160,164,166,169,171,171,172,174,178,170,152,173,172,181,180,177,175,179,177,152,79,85,75,102,171,146,135,137,138,142,142,141,141,140,141,144,145,144,145,146,145,148,138,125,144,150,146,148,148,150,153,154,155,157,158,159,159,160,162,163,165,166,167,170,172,172,172,171,170,170,170,170,171,171,171,171,170,166,164,165,168,168,168,171,169,169,169,169,171,173,174,174,176,178,180,181,182,185,187,187,186,187,187,185,185,186,186,187,187,188,190,191,192,191,191,191,191,191,192,193,193,194,194,195,192,192,192,192,191,191,192,193,193,193,193,193,192,193,193,194,193,193,194,194,192,189,187,185,181,180,181,179,167,157,217,255,254,255,255,227,166,161,178,209,216,184,168,167,168,172,171,164,157,157,156,155,158,163,169,173,173,172,168,153,141,129,116,117,140,148,151,148,144,147,149,148,146,142,141,142,145,144,143,144,141,140,141,138,137,136,136,137,136,135,133,126,121,117,116,119,118,113,110,110,112,112,112,112,113,111,110,110,107,106,106,109,111,111,111,112,112,111,108,104,102,101,99,97,93,94,93,92,92,89,86,85,85,84,83,83,86,85,84,85,88,87,86,85,83,79,77,77,74,75,75,76,76,73,71,72,74,74,72,72,71,67,66,66,62,63,62,61,61,60,57,56,57,56,52,48
99,104,108,112,121,72,56,55,52,48,46,34,105,157,130,83,93,145,157,158,160,163,166,169,171,171,173,173,176,180,157,156,173,180,181,179,177,178,177,177,126,94,120,114,133,134,135,138,138,137,137,139,138,141,143,142,145,145,145,146,147,146,146,125,139,149,144,148,151,153,157,159,161,162,163,164,165,165,164,164,165,167,169,171,172,171,170,169,167,166,166,166,168,168,169,169,166,166,166,166,167,169,169,170,168,168,168,169,173,174,175,175,175,177,179,180,180,182,185,185,185,187,187,185,185,186,186,187,188,189,190,192,191,190,189,189,191,191,192,192,193,194,194,195,192,192,192,192,191,191,193,194,191,191,192,192,191,191,191,191,191,191,193,194,188,185,185,183,180,181,183,180,179,181,238,253,253,254,255,233,186,205,212,197,176,164,164,164,166,164,165,164,159,158,157,157,159,157,155,158,163,163,171,149,118,111,106,113,139,146,149,147,145,148,147,144,142,142,140,141,143,143,142,142,140,141,144,140,139,141,143,142,140,138,133,129,127,123,120,122,122,116,112,113,113,112,110,110,110,110,109,108,108,106,105,107,106,105,105,106,107,107,107,106,106,107,106,103,97,97,96,94,94,90,86,86,87,85,84,85,89,88,84,84,84,83,82,82,82,81,79,77,76,75,75,75,75,74,73,71,68,69,70,72,72,69,69,68,65,65,65,63,60,59,57,56,56,56,56,54
111,110,108,112,110,62,58,63,68,65,54,61,170,188,157,111,113,152,155,159,161,164,164,167,170,171,173,174,176,176,176,148,165,180,180,179,179,179,179,179,170,98,103,128,134,134,134,135,136,139,137,137,136,140,142,143,145,145,146,147,147,147,145,137,127,146,148,150,154,156,160,163,164,165,165,166,166,166,166,166,167,168,168,168,169,169,169,169,168,165,161,160,160,163,166,166,164,165,167,168,168,170,171,170,172,175,175,177,179,178,178,178,177,177,178,180,180,182,185,185,185,185,187,187,185,186,187,188,188,190,191,191,191,191,191,191,192,192,192,192,193,194,194,194,194,195,194,192,192,192,192,191,187,188,190,192,191,188,187,190,191,190,188,188,187,183,183,183,180,179,180,177,173,183,240,253,255,253,253,231,210,209,184,162,160,164,166,165,164,163,163,163,162,157,157,158,158,157,154,152,157,155,147,125,118,125,129,131,142,144,145,149,146,140,141,142,140,141,143,140,140,140,139,137,139,142,143,140,138,139,139,138,139,137,134,132,128,125,123,122,121,115,112,115,117,114,114,113,111,109,108,104,104,106,104,105,107,106,105,103,104,105,106,106,108,109,107,103,99,98,96,95,95,93,92,92,92,89,89,89,85,83,85,84,82,81,81,81,78,78,79,76,76,76,74,72,70,70,69,68,66,65,66,68,69,69,69,69,66,66,65,65,62,61,60,59,58,57,58,60
113,115,111,120,93,58,63,70,73,88,76,95,191,181,157,146,142,156,156,159,161,164,164,167,170,171,173,174,176,178,182,170,145,174,180,180,179,180,181,182,183,149,83,115,129,135,136,133,136,139,137,138,139,141,144,144,144,145,145,144,143,143,144,146,128,143,154,154,159,160,162,163,163,163,163,164,167,167,167,167,167,167,167,166,165,165,166,166,165,162,159,158,160,163,165,165,164,164,166,167,169,170,171,172,176,179,180,182,183,182,180,179,178,178,179,181,182,184,186,186,185,185,187,187,186,186,188,188,188,189,190,191,191,191,191,191,191,191,191,191,192,194,194,193,192,194,193,192,191,191,190,190,189,188,188,189,188,187,188,189,187,186,183,182,183,183,184,182,180,178,172,172,174,171,186,212,230,229,213,177,184,165,158,164,165,165,164,163,163,163,162,162,161,157,157,158,158,161,160,156,157,158,143,127,129,148,159,157,155,156,156,147,144,138,138,138,140,140,146,141,135,135,137,140,142,144,144,143,140,139,137,136,139,138,136,134,131,128,124,123,124,122,122,121,117,118,118,115,111,108,106,103,102,103,104,106,107,106,104,102,101,102,103,104,106,107,106,103,100,96,94,96,96,95,96,96,93,96,95,89,87,85,87,85,83,82,81,81,75,73,74,73,75,75,74,71,67,67,68,69,69,66,66,67,68,68,68,67,65,65,64,64,61,61,62,62,59,60,61,60
123,126,126,134,80,59,66,70,76,89,78,135,196,175,155,156,156,156,157,159,161,164,164,167,170,171,173,174,175,177,178,181,157,150,175,179,179,179,181,183,181,183,121,82,117,125,134,138,139,142,140,141,141,142,143,142,142,142,141,140,142,146,149,152,148,142,156,157,159,161,162,162,162,162,163,164,165,165,165,165,164,164,162,162,160,160,160,160,160,162,163,163,164,166,167,167,165,166,167,168,170,170,170,173,177,179,180,182,183,182,180,179,179,181,182,182,182,184,185,185,185,185,187,187,186,187,188,189,189,190,191,192,193,193,193,193,191,191,191,191,192,193,194,193,190,191,192,192,190,190,191,191,191,190,188,188,186,187,187,186,184,183,183,183,181,178,177,175,173,174,170,171,166,159,140,137,141,137,124,132,159,158,159,160,161,160,160,160,158,158,160,160,157,154,154,156,162,164,161,157,158,158,154,153,153,153,151,152,157,157,163,158,151,147,145,140,140,139,136,136,137,136,136,138,142,142,142,141,141,138,136,135,137,136,135,134,132,128,126,124,123,124,128,127,125,117,113,113,112,109,106,104,102,103,105,105,105,104,103,102,100,100,100,101,99,100,101,101,99,95,93,95,95,95,96,97,95,96,94,91,91,89,90,88,85,82,81,81,70,65,66,68,73,73,71,69,67,68,69,69,69,71,70,67,67,67,66,64,63,62,62,61,60,60,61,61,59,60,61,60
128,122,124,124,66,61,68,72,80,88,81,168,199,169,153,159,159,157,158,158,161,164,164,167,170,171,173,174,174,176,179,181,181,143,156,178,178,178,181,183,184,186,169,94,84,95,115,139,139,142,140,141,141,141,140,139,139,139,140,142,145,152,156,155,156,137,150,159,158,160,161,161,161,161,161,161,162,162,162,162,160,159,158,157,157,157,157,157,158,161,164,164,165,167,168,168,168,169,171,173,173,172,172,175,177,179,179,181,181,181,180,179,180,182,184,183,184,185,186,186,185,185,187,187,187,187,188,189,188,189,191,192,193,193,193,193,190,190,190,190,191,192,193,192,188,189,192,192,191,191,192,192,190,189,188,188,186,188,186,182,180,179,179,178,174,168,169,172,169,168,167,159,147,152,138,132,123,119,121,128,152,161,158,159,156,155,155,155,152,154,158,160,158,154,156,158,158,160,162,162,159,157,161,159,157,153,148,146,149,144,144,153,156,157,155,144,124,112,116,125,130,134,138,139,139,139,137,137,137,134,132,132,133,133,133,131,129,126,125,125,121,119,123,123,117,116,115,113,114,110,107,106,105,104,105,104,102,102,103,103,100,100,100,100,94,94,95,97,96,95,94,93,96,95,95,96,96,96,94,96,94,91,92,90,85,83,81,81,73,67,67,71,76,75,71,68,68,68,67,67,67,69,69,68,66,66,64,63,64,64,63,62,62,61,61,60,58,58,58,60
126,126,138,114,58,58,65,74,86,91,95,186,190,160,154,158,158,159,159,159,162,163,165,166,167,170,173,174,175,177,180,183,184,167,138,171,180,178,183,185,185,185,186,146,86,80,87,125,140,140,140,140,139,138,138,139,141,142,145,148,149,152,154,153,152,147,128,160,158,159,157,158,157,158,158,158,159,159,158,157,156,156,155,155,158,158,158,159,159,160,163,164,165,166,168,169,169,172,175,175,174,174,174,175,178,178,177,177,180,180,180,181,182,182,182,182,185,186,186,187,187,188,188,187,186,186,186,187,186,186,189,191,190,188,190,192,192,191,190,189,189,190,189,188,188,191,190,190,191,191,191,190,187,187,187,187,186,185,182,180,179,177,175,173,166,160,161,163,162,155,153,146,148,148,137,134,129,122,122,127,143,151,156,162,157,155,152,153,153,153,154,154,154,150,157,160,155,157,158,161,160,160,161,160,156,155,149,148,147,146,144,143,145,144,141,138,116,102,97,101,110,121,136,134,134,142,147,140,133,130,127,127,126,129,130,127,124,124,123,115,109,113,118,122,118,118,114,114,112,109,108,107,106,104,106,106,104,102,101,99,99,100,100,99,97,94,93,94,95,94,94,94,93,94,96,96,95,96,96,95,92,91,89,88,86,86,84,83,86,84,79,78,78,76,72,70,68,68,67,66,65,66,67,66,66,65,62,62,63,65,66,66,65,63,62,61,59,58,58,60
122,126,132,88,55,57,61,66,78,86,118,197,185,154,155,157,157,159,160,160,162,163,165,166,167,170,173,174,175,177,180,183,182,182,151,148,179,182,183,185,186,186,187,178,104,85,78,100,135,135,137,137,137,137,140,142,145,149,151,151,151,150,151,153,154,156,128,145,158,155,157,154,154,155,157,157,156,155,154,152,152,153,156,157,158,158,159,160,159,161,164,166,166,167,169,170,172,173,176,176,175,175,173,173,175,176,177,178,181,182,182,182,183,183,183,183,183,184,186,187,186,187,187,186,182,181,182,184,186,186,187,189,188,188,191,193,194,192,188,187,188,189,188,187,189,191,188,189,191,191,190,189,186,186,184,184,184,182,180,178,174,169,167,164,160,161,155,158,150,143,138,140,155,142,136,134,131,125,123,126,141,151,149,151,155,156,153,153,153,152,153,152,151,146,150,157,156,157,159,162,161,157,155,157,159,158,152,149,152,152,150,149,145,131,111,109,116,110,101,104,103,101,111,124,129,153,170,145,131,129,128,127,124,125,122,119,125,126,121,98,93,101,112,122,123,123,117,114,108,105,106,105,104,103,106,107,106,103,100,98,98,98,97,96,98,97,96,96,94,93,92,92,89,93,93,91,91,93,94,93,89,89,89,88,86,86,86,84,86,86,83,81,80,77,73,72,71,69,66,66,66,67,66,65,64,62,61,61,61,64,65,64,63,62,62,62,59,58,58,59
109,112,109,59,50,51,54,57,62,70,94,151,163,153,153,155,156,160,161,160,162,163,165,166,167,170,173,174,175,177,180,183,181,181,181,145,164,183,183,184,183,187,187,190,130,85,78,114,133,135,136,138,141,142,145,147,148,150,152,151,153,152,152,153,154,157,144,129,154,155,155,153,152,153,153,152,150,151,154,156,157,157,156,157,158,159,161,163,164,165,167,168,168,169,171,172,173,175,176,176,175,175,173,173,175,177,179,181,181,182,182,182,183,183,183,183,182,182,184,184,183,184,184,183,181,181,183,185,187,186,186,187,187,189,193,193,193,191,188,187,187,188,187,186,188,191,188,189,191,191,190,188,186,184,182,180,180,181,178,174,168,162,160,160,160,159,152,162,159,144,135,143,163,138,134,134,128,125,123,123,145,156,139,144,148,155,157,156,155,153,152,153,152,152,148,148,153,156,158,162,163,158,154,151,153,157,155,153,153,153,152,151,146,126,111,105,103,104,106,108,111,111,106,111,118,120,127,135,133,129,125,124,124,123,121,119,123,125,128,120,116,110,107,115,121,125,121,117,111,107,107,106,106,105,107,107,106,104,100,99,100,98,96,94,95,96,95,94,94,94,92,90,90,93,94,91,89,90,91,90,87,87,87,88,88,88,87,85,84,84,84,82,80,78,75,73,73,71,68,67,67,66,65,65,65,63,62,62,61,63,64,61,60,59,59,60,57,56,55,55
109,121,105,51,48,56,60,54,60,70,80,92,96,143,155,156,156,160,161,160,162,163,165,166,167,170,173,174,175,177,180,184,184,183,184,172,144,174,181,185,184,188,184,189,169,99,83,106,134,136,139,141,144,145,146,148,149,149,149,150,152,153,152,150,152,153,151,127,144,153,146,148,149,150,151,151,152,154,155,157,157,157,157,158,159,161,164,166,167,167,166,166,169,170,172,173,173,174,175,175,174,174,174,175,178,179,181,182,180,180,180,181,182,182,182,182,183,183,182,182,182,183,183,182,183,183,185,187,188,186,186,186,188,190,192,190,189,189,189,189,188,189,188,187,187,190,188,189,192,190,188,187,185,183,180,178,176,177,174,169,165,161,163,166,164,162,172,195,178,135,137,133,152,153,139,135,130,126,131,142,155,144,136,142,140,153,160,160,156,152,151,151,154,153,148,151,152,152,155,159,161,159,156,153,154,157,156,154,153,153,151,151,149,140,127,125,115,109,115,106,105,111,114,111,115,127,130,134,137,132,127,125,124,125,125,124,122,124,127,126,127,125,117,111,115,123,122,119,116,113,112,111,109,106,106,106,105,104,101,101,103,99,96,96,96,97,98,97,97,98,95,94,95,95,95,94,91,92,91,88,85,86,87,88,88,88,88,85,83,84,86,83,82,80,76,74,71,72,71,70,68,66,65,65,68,66,64,64,63,63,61,58,61,60,58,58,57,55,54,54
116,131,93,50,49,57,57,58,71,77,87,80,66,98,148,156,157,160,160,161,163,164,166,168,168,169,171,172,174,177,180,183,185,184,183,185,159,152,181,185,186,185,185,187,189,148,108,92,117,138,138,144,145,147,148,150,151,149,149,149,150,149,149,150,151,152,152,135,130,151,145,145,148,149,151,154,155,154,154,155,156,156,159,161,162,163,166,169,168,166,166,168,169,170,171,171,173,173,174,174,175,175,176,176,177,177,179,180,179,179,181,181,182,182,182,182,184,184,183,182,181,182,182,181,183,184,185,185,184,185,187,188,188,189,189,186,187,188,188,187,187,188,189,189,188,188,187,187,186,185,184,182,180,179,179,176,173,173,165,160,165,169,163,167,178,197,207,191,149,110,121,128,126,135,144,146,145,142,147,145,134,131,132,117,119,144,154,157,154,151,153,152,153,154,155,156,152,151,150,153,154,158,159,159,162,160,156,154,153,155,154,151,150,149,147,145,140,135,136,128,119,116,115,114,138,142,140,140,136,134,132,125,123,127,128,127,125,125,125,124,121,122,121,118,119,118,118,117,117,116,115,116,114,109,107,108,107,108,108,105,104,103,100,101,100,100,102,101,101,101,98,102,100,99,98,96,95,93,91,90,88,88,87,86,86,87,87,86,86,84,83,82,83,83,80,75,71,72,72,71,70,69,68,68,67,66,65,63,63,61,59,59,58,58,59,60,58,56,56,55
116,127,67,54,55,49,34,32,64,72,77,71,66,67,105,152,157,157,161,163,162,165,166,167,168,169,171,172,174,176,179,181,184,184,184,183,185,145,163,188,188,187,188,189,193,183,154,111,98,129,138,142,146,149,151,151,151,149,149,149,149,149,149,149,150,148,149,141,120,141,147,145,148,148,150,153,155,155,155,156,157,160,162,163,164,167,169,170,169,168,168,169,169,170,171,172,173,173,174,174,176,176,177,177,177,177,178,179,180,181,182,183,183,183,183,183,184,184,183,183,183,181,181,182,183,182,181,181,184,185,187,188,187,188,187,186,186,188,188,186,184,184,186,187,186,186,186,186,185,183,182,181,180,179,176,170,170,168,166,168,169,167,176,190,206,209,192,157,131,103,96,105,119,119,120,125,124,123,126,122,118,110,100,87,102,137,148,155,156,156,158,155,150,151,151,150,150,153,154,153,153,157,160,160,164,165,161,155,155,159,158,152,150,146,145,145,142,142,141,141,139,134,130,126,136,137,130,123,115,120,126,109,100,110,127,129,124,126,125,122,118,118,118,117,117,115,114,114,115,117,117,113,108,108,110,113,110,112,113,112,117,117,111,108,105,104,106,104,102,103,107,105,103,103,102,99,97,97,95,94,89,87,86,85,86,87,87,86,88,87,85,84,84,83,80,79,74,73,73,71,69,71,70,67,67,66,65,64,65,65,62,62,59,58,58,59,53,54,58,59
128,119,54,54,61,54,45,59,56,57,58,59,62,67,70,118,159,162,160,164,163,164,166,167,168,169,171,172,173,176,178,179,183,184,185,184,183,174,139,182,191,189,189,191,189,191,185,144,103,107,138,138,144,149,150,149,147,146,147,147,148,148,148,147,146,144,144,145,132,127,144,147,148,149,151,153,153,153,156,157,159,161,163,163,166,167,170,171,170,169,169,170,171,171,172,173,174,174,174,175,177,178,178,178,179,179,180,181,181,181,183,184,184,184,184,184,184,184,185,185,184,183,181,182,181,181,180,180,184,185,187,188,186,186,187,187,187,188,188,186,183,183,183,183,184,184,184,184,185,184,183,182,180,176,175,176,177,174,178,175,181,195,208,213,208,185,169,160,145,111,94,90,95,112,125,127,127,126,119,106,91,84,81,90,118,145,152,157,157,158,158,157,154,152,149,149,153,154,153,154,156,159,160,158,158,158,159,160,155,160,160,156,148,145,145,147,145,142,140,138,137,137,139,138,135,135,126,113,111,125,141,135,125,120,127,129,125,126,125,122,119,117,115,115,115,115,115,114,115,116,108,89,82,88,96,102,110,114,115,115,119,120,116,114,113,112,112,111,108,104,104,104,105,105,102,101,101,101,100,99,93,89,87,86,86,85,85,86,86,85,85,86,82,80,77,75,75,75,74,72,69,71,70,67,67,67,66,66,67,67,65,64,62,59,58,58,56,55,57,56
139,95,48,54,58,59,62,55,51,52,56,55,57,66,64,75,126,161,161,164,164,164,166,166,168,169,171,172,173,175,177,178,182,185,185,184,185,187,158,149,187,188,188,190,191,190,193,182,127,104,115,140,141,146,147,143,142,142,143,144,145,147,147,145,145,145,142,145,142,128,136,147,151,151,154,157,157,157,160,163,164,163,163,165,166,167,168,170,171,170,170,171,171,171,173,174,174,175,175,175,177,178,178,179,180,180,181,182,180,180,182,182,183,183,183,183,184,184,185,185,184,184,182,181,181,181,182,182,184,185,187,188,186,186,186,187,186,187,187,186,185,184,183,181,181,182,183,183,184,184,181,180,175,176,183,187,183,175,168,180,217,221,206,198,178,169,166,162,158,145,124,99,88,92,100,102,103,102,95,85,81,87,101,130,146,153,157,160,160,159,157,157,157,157,155,154,153,152,150,149,152,156,157,156,155,153,154,157,154,157,159,158,149,148,147,146,145,141,140,140,139,138,139,139,133,134,135,129,123,126,131,137,143,143,138,134,128,127,125,124,124,119,115,114,116,116,116,116,114,112,109,99,91,92,93,94,106,109,110,108,107,107,108,111,110,107,106,104,105,108,106,106,106,106,105,103,104,103,102,102,98,93,89,89,86,84,85,85,83,81,79,78,77,79,77,72,73,75,74,73,70,70,69,67,67,67,67,66,67,68,65,64,63,60,59,58,57,56,56,55
120,68,51,55,57,59,56,51,48,48,49,51,51,59,67,64,81,140,163,163,164,164,166,166,168,169,171,172,173,173,174,177,181,184,185,184,184,184,183,145,165,190,188,189,190,190,191,194,163,119,105,126,142,140,146,141,141,142,143,144,145,147,146,145,144,144,144,144,143,136,137,144,151,155,154,157,159,160,161,162,163,163,165,165,167,167,168,168,169,169,170,170,172,171,172,173,175,176,176,175,177,179,177,179,180,180,180,180,181,182,182,182,184,183,183,184,184,184,184,184,183,182,181,180,180,184,186,185,186,186,186,186,186,187,187,186,186,185,184,184,184,181,178,179,178,178,181,181,181,178,174,173,174,183,189,180,165,163,165,185,200,186,180,179,174,171,166,167,161,158,159,140,109,90,84,82,81,81,85,91,101,123,139,149,152,156,158,160,161,160,158,160,159,158,155,151,150,151,149,146,146,149,147,149,151,149,151,153,151,150,152,153,152,151,150,149,146,141,142,138,137,135,135,135,133,132,132,131,131,128,123,126,131,138,142,142,136,135,129,125,126,123,115,107,114,116,115,115,115,112,111,111,110,110,109,107,106,105,104,104,104,104,104,105,105,102,101,102,103,103,103,103,104,104,103,104,101,98,98,102,99,97,94,93,89,87,85,81,80,79,78,75,75,77,76,73,72,73,72,70,69,68,68,69,70,70,68,68,66,67,66,62,61,60,60,60,59,57,56,55
102,54,50,52,53,54,55,55,53,47,44,46,48,51,61,68,68,91,150,166,164,164,166,166,168,169,171,172,173,173,174,177,180,184,185,185,186,184,186,179,141,179,187,189,190,190,192,193,193,143,121,109,136,142,136,141,142,143,144,144,146,146,146,144,144,145,146,147,148,143,141,143,150,158,159,159,159,160,161,163,163,163,165,165,166,166,167,167,169,169,170,170,174,172,172,172,174,175,175,174,177,179,177,179,180,180,180,180,180,181,184,184,184,183,183,184,183,183,183,183,183,182,181,181,182,184,186,186,185,185,185,185,185,186,186,185,185,185,183,182,181,179,177,177,175,175,177,174,175,172,172,176,185,190,175,157,161,164,162,167,173,175,181,182,176,173,169,170,166,166,170,162,147,124,105,93,88,89,100,117,136,147,152,153,153,156,157,158,158,157,156,157,157,156,153,151,146,147,146,144,145,145,140,142,146,146,148,148,147,149,151,151,151,149,148,150,146,145,145,140,138,134,131,130,133,131,128,128,128,126,124,122,121,125,126,130,133,134,130,133,132,125,112,100,115,116,115,115,114,113,110,110,111,111,110,108,107,105,102,101,101,101,101,101,101,102,102,101,100,98,99,100,100,98,97,97,95,94,97,101,102,101,99,99,95,88,86,83,81,77,76,77,76,74,72,71,70,70,69,68,69,68,68,69,70,69,67,67,65,66,66,63,61,60,60,59,58,58,58,57
83,52,63,52,48,53,54,52,53,54,50,44,48,50,51,62,70,70,103,158,165,164,166,166,168,169,171,172,173,173,174,176,178,182,185,185,186,187,186,188,161,145,187,192,189,191,192,192,195,179,133,123,114,141,141,142,143,143,142,142,144,145,145,145,144,145,147,149,149,152,144,144,148,156,157,156,158,160,161,163,163,163,165,165,165,165,166,166,170,170,171,171,175,174,173,173,174,175,175,174,177,179,177,179,180,180,180,180,180,181,183,184,184,182,183,184,181,181,181,181,181,182,183,183,183,184,184,184,185,185,185,185,185,186,186,184,182,181,180,178,177,177,175,174,174,170,169,166,168,177,185,187,181,185,161,153,165,167,166,172,181,185,187,180,173,173,169,170,166,164,163,159,152,149,143,135,135,134,139,146,150,150,151,152,154,156,155,154,153,154,155,154,150,151,153,153,149,147,144,142,144,144,140,140,142,143,146,145,143,144,146,144,144,149,148,144,142,145,142,140,139,140,137,134,132,130,127,127,127,125,123,123,120,115,97,91,96,103,98,111,123,128,129,122,118,116,114,112,111,109,108,108,111,111,110,108,106,105,103,101,100,100,100,100,101,103,104,101,97,96,95,95,96,95,93,93,92,95,99,99,100,102,101,100,96,90,88,85,80,76,75,77,77,73,70,70,70,69,68,68,67,66,66,67,67,67,66,65,64,64,64,63,60,61,60,59,57,57,58,58
65,54,56,49,42,52,56,53,52,54,53,51,50,52,47,51,65,71,72,114,164,165,165,166,168,169,171,172,173,173,174,176,179,182,185,185,186,188,189,187,189,147,160,191,190,190,191,192,193,195,167,133,117,120,142,137,142,141,138,137,138,144,146,147,145,146,150,152,151,154,153,140,145,153,152,153,156,158,159,162,163,163,165,165,168,168,169,169,170,170,171,171,174,173,174,175,175,176,176,175,177,179,177,179,180,180,180,180,181,182,182,182,182,181,181,181,180,180,180,180,181,182,183,184,184,184,184,184,184,184,184,184,183,184,184,182,178,177,174,173,174,175,174,171,164,159,164,168,174,183,187,182,190,200,175,170,171,177,176,179,191,190,185,172,171,173,170,170,165,161,160,160,156,154,153,153,155,154,153,153,153,150,149,150,154,155,153,152,151,152,155,152,148,150,152,152,152,150,145,143,142,144,143,144,144,145,147,146,144,141,141,140,141,142,142,141,140,142,139,141,140,145,144,136,132,129,128,129,128,128,124,112,119,121,98,86,86,82,85,93,98,120,135,133,126,121,117,111,112,111,110,110,108,108,107,106,105,104,103,102,102,102,103,102,102,102,101,99,96,94,93,93,93,91,91,92,93,97,97,94,98,102,101,99,96,94,92,87,81,80,78,77,77,76,73,72,72,70,69,69,65,63,62,64,64,65,65,66,65,62,61,61,62,64,64,61,57,57,57,56
58,55,48,45,46,50,54,54,54,55,53,55,54,52,51,47,57,67,68,76,126,165,166,168,167,169,170,171,173,173,174,177,178,179,182,185,186,186,188,188,190,184,137,175,192,191,193,193,195,196,192,145,127,106,124,139,135,140,133,89,87,134,144,146,146,149,152,152,154,154,154,149,139,151,155,155,157,158,159,162,163,164,166,167,169,171,171,171,170,170,170,171,173,171,170,171,174,176,174,174,176,177,179,179,178,179,180,180,181,181,181,181,181,180,180,179,179,180,180,179,179,180,180,180,182,183,183,183,183,181,181,183,182,180,180,177,175,174,174,173,172,172,168,162,155,157,168,175,176,180,191,197,199,205,193,176,174,173,180,191,192,191,185,175,168,165,167,164,163,160,157,160,159,158,155,151,150,151,154,155,151,151,151,150,150,149,150,152,153,153,151,147,146,149,151,151,152,152,149,148,147,145,144,141,139,142,144,143,144,144,143,141,140,139,140,139,139,139,138,140,140,137,140,133,129,114,116,126,126,127,125,121,123,125,116,101,94,87,98,114,116,121,124,124,130,134,131,121,115,113,110,107,104,105,104,103,105,104,101,102,101,102,105,104,102,101,100,97,94,93,93,95,92,90,90,90,95,99,97,97,96,97,99,98,97,95,91,89,88,85,83,80,80,79,75,73,73,71,68,68,66,65,60,62,63,62,62,63,62,60,59,59,62,62,59,57,58,58,58,56
53,53,53,52,46,50,54,53,56,57,56,57,56,52,51,50,50,58,69,70,80,140,167,164,167,168,169,171,173,173,174,177,178,179,182,185,186,186,188,188,189,189,171,141,190,188,195,190,194,196,197,176,117,114,90,111,118,132,135,107,95,109,110,133,151,152,152,153,153,155,155,154,148,145,154,156,159,159,160,162,163,164,166,167,167,168,168,168,171,171,170,170,172,171,171,171,173,176,174,174,177,178,177,176,176,178,180,181,181,181,181,181,181,180,180,180,180,181,181,180,178,178,178,179,180,181,181,181,180,179,179,182,180,177,176,175,171,168,169,172,171,164,157,155,158,171,181,177,177,198,212,209,195,186,176,170,175,173,183,197,193,190,186,181,174,172,170,166,164,161,158,161,162,158,156,157,154,154,153,152,152,152,150,148,146,145,146,150,152,153,151,148,146,147,148,148,150,154,155,157,153,147,145,143,140,140,141,142,144,145,143,140,140,139,140,139,139,138,136,136,142,139,138,125,109,98,98,101,106,121,129,132,129,128,128,125,118,112,115,121,113,111,112,113,119,122,127,129,130,123,115,111,108,105,105,105,103,102,100,100,100,100,102,104,102,99,97,97,96,94,93,93,91,88,88,87,93,98,98,101,98,95,96,96,95,93,91,89,87,82,80,79,80,79,76,75,74,70,67,66,69,70,64,61,60,59,59,60,61,60,59,59,60,59,58,57,57,57,57,55
53,52,51,51,50,46,47,54,56,57,60,60,59,56,52,52,52,50,60,70,70,87,145,166,165,167,168,169,173,173,174,177,178,179,182,185,186,186,188,188,190,188,191,149,154,194,192,194,194,195,197,199,144,90,80,81,103,106,93,83,78,78,70,78,145,152,152,153,154,156,156,156,156,144,146,158,159,160,161,163,164,165,165,166,166,166,166,166,170,171,170,169,169,171,172,172,173,176,173,174,175,177,178,178,176,178,180,181,179,179,179,179,180,180,180,180,180,181,181,180,178,178,178,179,181,182,181,180,178,176,176,179,177,174,173,170,167,162,162,166,163,160,160,164,171,177,181,181,195,209,199,188,176,170,171,177,179,182,189,194,193,190,189,187,181,181,176,172,169,164,159,160,160,156,156,160,159,156,155,152,151,151,149,147,145,144,146,149,150,151,149,147,146,145,144,144,146,150,152,154,155,151,151,151,147,145,143,142,144,144,147,150,148,145,145,143,142,142,144,146,146,141,138,120,103,99,97,92,92,108,127,136,134,128,127,127,125,123,121,119,112,115,116,110,109,109,114,119,120,122,124,124,119,112,109,105,103,103,102,100,101,100,99,100,100,97,94,94,94,94,92,91,91,88,88,87,90,93,94,98,97,95,95,94,91,90,90,89,86,80,78,78,79,78,78,76,74,71,68,67,72,70,67,62,60,59,59,60,60,60,60,60,58,58,57,56,56,56,55,54
52,53,53,52,48,44,43,45,50,51,57,59,61,61,56,53,55,54,54,63,70,70,95,154,167,166,167,169,173,173,174,177,178,179,182,185,186,186,188,188,190,191,190,182,137,173,191,194,192,194,199,199,186,112,83,91,86,81,79,79,70,61,64,68,135,152,152,153,156,157,157,157,157,151,148,154,159,159,159,163,165,165,165,166,168,168,167,166,168,171,172,169,168,170,172,172,172,175,173,173,176,177,177,176,177,179,180,180,179,179,179,179,179,180,180,181,179,180,180,179,179,179,180,180,180,180,180,179,178,175,174,175,173,173,171,166,163,159,157,159,161,167,172,173,177,187,195,205,204,182,173,169,171,176,178,178,187,187,188,192,192,191,190,184,183,186,180,178,176,170,163,162,159,157,158,162,161,157,152,149,150,150,149,148,144,144,146,150,151,151,148,145,144,142,142,143,141,144,146,148,150,152,154,155,152,154,154,151,150,150,153,155,150,148,147,145,144,143,143,144,143,138,138,119,105,103,102,96,92,103,128,132,126,124,124,123,123,124,123,124,119,119,116,113,110,109,110,109,109,112,117,121,123,121,120,114,108,106,106,102,101,101,98,96,98,98,97,93,91,92,92,91,92,89,88,87,88,88,86,89,91,92,93,91,88,89,89,90,86,83,81,78,77,77,76,76,76,74,73,74,72,67,67,63,61,60,60,61,60,60,60,60,59,58,55,54,54,55,54,53
49,52,52,50,51,52,53,50,51,41,66,70,61,62,58,56,56,55,54,56,64,71,69,107,162,166,167,170,172,173,174,177,178,179,182,184,184,185,187,188,189,189,189,188,167,136,187,193,192,192,197,199,202,171,90,84,85,93,91,55,56,53,64,75,107,136,154,153,154,156,156,159,159,154,156,148,152,160,158,162,165,165,166,166,168,169,168,167,167,167,170,171,171,172,172,171,172,173,173,173,175,175,175,175,176,175,176,177,177,177,177,177,179,179,179,179,178,178,179,179,177,177,178,179,178,178,177,176,175,175,175,174,170,169,165,164,161,159,161,165,170,173,175,182,204,212,218,210,190,174,177,175,179,184,182,185,189,187,186,189,189,190,189,187,183,182,184,181,180,175,172,167,163,161,161,163,162,160,154,150,151,151,149,145,144,145,147,151,152,149,145,141,139,140,142,142,138,139,141,142,144,147,150,151,150,155,158,158,152,152,152,149,150,147,144,144,143,141,135,128,115,119,124,114,108,105,106,103,98,107,128,129,125,124,122,122,122,122,121,123,118,117,112,115,114,111,110,110,109,108,109,111,114,117,119,119,117,117,116,105,99,98,97,97,97,98,97,95,92,91,91,92,90,88,87,85,86,85,84,84,83,85,86,85,86,87,87,86,84,81,80,76,73,71,73,74,76,76,75,75,70,67,66,65,61,61,61,61,58,58,61,60,61,57,56,54,52,53,53,52
50,47,47,48,48,50,52,53,57,72,119,113,70,60,61,60,58,57,56,56,59,67,72,73,116,166,167,169,170,172,174,177,178,178,181,184,184,185,187,188,189,190,190,188,188,151,148,196,193,194,196,198,201,200,140,86,81,106,139,80,61,62,63,86,101,110,131,153,155,158,157,159,159,151,158,158,148,153,163,161,165,165,166,166,167,168,168,167,166,166,169,171,171,172,172,171,172,172,173,173,175,175,175,175,176,174,174,175,174,174,174,174,177,177,177,177,176,176,176,176,177,176,176,175,174,174,173,170,170,172,172,172,168,162,157,160,164,166,168,170,173,179,195,215,217,209,197,185,175,177,177,181,186,192,188,189,185,177,181,183,183,183,183,186,181,181,184,182,180,179,179,174,168,165,165,164,163,161,157,152,152,151,148,144,145,145,146,148,147,146,144,143,141,140,142,142,139,140,142,142,143,147,150,149,150,153,154,155,151,147,147,146,146,145,142,141,144,141,141,125,103,111,110,110,104,103,102,100,101,113,128,128,126,127,124,122,119,116,117,118,116,116,113,113,111,112,112,111,110,106,105,106,107,107,108,109,113,124,119,115,111,106,102,98,95,95,95,94,93,91,91,92,90,87,87,88,87,86,84,83,82,83,82,81,84,84,82,82,80,78,78,76,74,72,73,73,74,74,73,72,67,64,64,64,58,61,61,58,58,58,61,60,60,57,56,54,51,51,51,50
54,52,51,53,53,52,54,52,59,94,136,144,119,71,61,62,61,59,56,56,56,59,71,72,76,130,168,169,170,172,173,176,178,178,180,183,184,185,187,188,190,191,191,191,191,188,134,168,196,195,197,198,200,202,190,134,131,127,180,124,54,66,68,97,136,134,108,121,155,153,158,158,156,149,158,161,160,149,154,165,164,165,165,165,167,167,167,169,170,167,167,167,170,172,171,170,171,172,172,173,173,173,173,173,174,173,172,172,173,173,173,173,175,175,175,175,176,176,175,174,175,175,174,173,172,172,172,170,170,170,170,169,163,158,159,164,168,174,174,173,188,204,210,212,196,186,180,183,183,185,188,190,186,187,184,183,181,179,182,178,179,180,179,182,180,181,184,184,180,180,182,177,170,169,173,170,162,159,157,152,152,152,148,144,144,144,144,143,141,140,140,142,145,143,142,140,141,142,143,144,141,143,146,147,148,151,151,153,151,145,145,147,146,144,141,139,141,143,141,135,128,118,115,113,105,101,101,111,118,125,130,127,125,126,123,121,120,117,118,120,115,114,114,110,110,112,112,110,108,109,110,109,107,104,102,101,102,105,108,112,117,119,115,107,99,98,97,94,93,91,92,93,90,87,87,88,88,85,82,81,81,82,83,86,86,83,80,79,78,79,80,79,77,77,77,75,73,72,71,70,68,65,64,64,60,58,58,60,60,59,60,58,58,57,57,55,53,52,49,46
51,54,55,53,53,57,60,57,65,107,139,146,148,123,73,66,66,63,60,59,59,59,61,70,72,83,139,171,170,171,173,176,178,178,179,182,184,185,187,188,190,191,192,192,191,193,171,130,185,196,195,198,201,200,206,177,172,149,191,177,73,80,125,92,127,157,144,123,133,158,156,158,152,151,162,161,163,162,148,154,164,164,164,165,168,167,168,169,169,167,167,167,170,171,171,170,171,171,172,172,173,173,173,173,174,173,171,171,173,173,173,173,173,173,173,173,175,175,173,172,172,173,173,173,172,171,170,168,167,167,164,162,157,162,171,173,174,179,188,207,214,201,196,185,181,186,188,187,188,193,195,193,187,184,181,181,182,180,177,178,179,181,180,179,180,182,182,183,182,180,181,179,174,173,176,171,159,157,156,150,151,152,150,147,144,144,143,141,140,138,138,141,143,143,144,144,144,144,144,144,139,137,140,144,145,148,150,152,152,147,148,150,148,147,142,138,138,137,139,137,139,135,137,128,124,119,118,133,136,133,129,125,126,125,122,123,123,121,120,123,118,116,118,113,112,111,110,111,112,111,109,108,105,105,104,101,96,97,100,98,105,112,115,113,108,106,102,98,93,92,92,93,91,89,88,87,90,87,84,83,83,81,81,84,87,82,77,77,78,79,81,81,79,78,77,75,73,72,70,70,72,68,65,63,60,61,60,59,61,59,60,56,57,58,58,55,54,53,49,46
49,50,49,50,49,50,52,54,70,117,140,146,148,150,123,77,66,67,64,61,58,60,61,65,70,74,88,143,171,171,172,174,176,178,180,182,183,185,187,189,189,190,192,193,191,190,192,153,144,194,194,198,201,203,206,199,189,176,179,207,131,94,168,135,96,134,154,156,130,137,154,154,149,157,160,160,160,163,158,152,160,165,163,166,166,166,166,166,167,167,167,168,170,171,171,170,169,169,169,170,171,172,172,171,172,172,170,170,170,171,172,172,173,172,172,171,173,171,168,166,169,171,172,171,168,168,167,165,165,162,158,160,167,173,174,173,184,204,213,215,205,189,181,178,179,181,184,184,184,185,188,188,185,184,184,184,183,179,177,179,180,180,180,182,185,182,178,178,180,181,182,181,177,177,174,167,159,157,155,150,148,149,150,149,145,143,144,143,142,141,141,141,143,143,144,146,146,145,143,141,139,135,136,140,141,146,145,145,147,147,147,148,148,142,137,136,134,136,135,134,137,140,140,138,138,136,135,134,132,127,128,128,126,126,125,126,123,122,122,123,122,119,118,118,116,113,114,114,109,108,107,107,106,107,109,104,97,98,97,96,95,95,99,104,107,108,108,109,105,98,92,91,91,87,88,87,86,89,89,87,86,82,80,82,83,81,80,80,79,78,78,79,78,78,75,73,73,71,72,70,69,68,65,65,64,63,61,60,59,59,58,55,55,57,58,56,54,52,51,49
48,49,48,48,50,50,50,51,75,119,141,144,147,150,150,125,80,64,68,64,62,60,61,64,67,75,73,105,168,171,172,173,175,178,179,181,183,185,187,189,189,190,192,193,192,193,192,189,140,161,198,200,201,202,208,211,196,194,172,208,183,93,161,174,123,100,139,154,146,109,136,145,151,160,160,159,161,162,162,159,152,157,163,164,165,165,165,165,166,167,167,167,169,169,169,169,167,167,168,169,170,171,171,170,172,171,170,169,170,170,169,169,171,170,170,170,171,169,166,166,168,169,169,168,164,166,165,161,162,160,166,171,172,169,181,198,214,215,208,196,185,181,176,172,169,168,174,175,174,175,177,179,180,180,182,182,180,178,176,175,181,181,180,179,183,182,175,171,174,179,182,181,179,178,172,166,160,158,156,152,151,153,154,150,146,143,142,141,144,143,142,142,143,143,145,147,145,145,142,138,138,136,135,137,139,143,142,141,140,146,145,152,146,141,138,137,137,137,135,135,136,138,138,136,135,134,133,132,130,124,127,130,129,130,129,129,123,122,122,122,119,118,116,115,113,115,115,109,104,106,108,109,107,103,105,103,100,100,100,98,95,94,94,96,98,99,101,107,114,107,100,99,92,88,89,87,87,90,89,86,85,84,82,79,79,79,79,80,78,79,78,76,77,78,75,75,78,75,74,70,66,67,66,66,63,61,60,63,61,57,55,57,54,54,55,56,55,53,53,51
51,51,51,50,56,55,56,58,88,123,142,146,149,149,150,154,129,80,67,66,64,61,60,62,64,68,73,108,169,170,172,173,175,177,179,180,183,185,187,189,189,190,192,194,192,190,192,191,182,131,182,201,201,203,205,210,204,205,180,199,209,123,120,191,166,112,94,139,155,127,115,146,157,160,157,158,162,162,163,164,162,155,158,165,165,165,165,165,165,165,166,166,167,166,166,167,167,167,168,168,170,171,171,170,173,172,171,170,170,168,168,168,167,168,168,168,167,165,164,167,168,166,164,164,163,159,160,164,164,167,169,168,174,182,208,224,215,198,197,199,188,183,175,170,165,162,165,166,168,170,170,171,173,176,179,179,179,177,176,176,177,179,181,181,181,181,174,168,169,173,176,176,176,176,174,170,163,159,158,156,157,157,155,149,146,144,140,141,144,143,142,142,142,142,145,147,145,145,142,138,138,137,135,136,140,141,139,140,137,142,142,149,144,141,140,139,138,134,131,133,134,136,137,134,132,132,135,135,134,127,126,126,127,129,128,127,123,124,124,121,117,117,115,114,113,111,110,110,107,108,108,107,103,99,102,103,100,98,98,98,96,96,94,94,94,93,93,97,101,107,108,106,103,98,93,86,85,87,88,87,85,85,83,80,79,79,78,79,77,78,77,75,77,77,74,76,78,75,74,71,69,68,65,64,62,62,63,63,63,64,62,58,55,55,55,56,55,53,53,51
52,51,53,53,56,55,57,61,102,127,143,148,148,150,153,150,154,130,83,68,66,64,62,60,62,61,69,110,170,169,171,172,174,177,178,180,183,185,187,189,189,190,192,193,192,192,191,191,196,162,139,193,199,202,204,209,212,205,197,184,215,166,88,184,185,146,105,109,145,147,116,141,148,157,160,160,160,162,163,162,160,160,153,154,164,164,164,164,164,164,165,165,166,165,164,166,167,167,168,168,171,172,172,171,172,172,171,169,167,166,166,168,165,165,166,167,165,162,163,167,166,163,161,161,161,162,165,167,167,168,167,179,194,195,204,203,194,182,187,183,188,192,185,177,165,160,162,162,168,169,167,167,169,173,178,178,180,177,177,179,179,181,180,178,179,180,175,173,175,173,174,176,175,172,169,166,163,160,159,158,157,154,151,147,144,144,141,141,142,141,141,142,142,142,143,144,146,145,143,141,139,138,136,136,139,139,137,138,136,136,138,139,138,138,137,137,136,132,127,130,131,134,136,135,131,132,134,135,134,131,131,126,124,127,126,125,125,126,125,121,118,118,117,115,116,114,113,112,110,110,110,111,105,102,104,102,98,96,96,97,96,96,95,94,94,94,92,92,94,95,99,103,107,104,104,99,94,89,87,87,84,84,84,83,83,82,80,80,79,78,78,79,79,77,74,74,72,71,73,71,69,69,68,68,66,67,67,64,65,64,62,62,59,59,58,55,53,51,50,48
51,51,52,51,52,51,54,62,114,129,144,147,148,150,151,152,153,153,130,81,67,67,64,63,58,60,58,98,163,168,172,174,173,175,178,180,181,183,186,188,188,189,190,191,192,193,193,194,193,192,145,156,201,200,204,208,214,205,209,180,210,197,101,140,203,170,133,107,119,151,142,122,149,152,160,159,159,162,163,162,161,160,161,153,158,164,163,164,164,164,164,164,166,165,164,165,166,165,166,167,168,168,169,169,170,171,170,168,167,166,165,165,166,166,166,166,163,160,162,166,160,159,158,159,163,169,172,175,171,173,183,193,200,185,175,180,184,181,179,175,177,188,191,190,178,165,163,162,165,165,164,167,170,173,173,175,176,175,174,175,175,174,173,173,177,179,172,173,174,172,173,175,174,172,168,164,164,164,162,158,154,155,152,149,145,146,145,143,142,142,142,143,143,142,140,139,142,141,140,139,139,138,136,136,137,137,135,136,136,136,136,136,136,135,135,136,136,137,134,130,130,131,131,134,131,130,129,130,127,128,128,126,122,123,125,124,124,126,123,118,117,117,116,116,119,116,116,112,110,113,112,110,111,111,107,102,101,98,97,96,94,96,96,95,94,95,92,93,90,87,90,96,100,102,110,105,101,101,95,88,87,84,84,84,83,82,81,79,79,78,78,78,77,75,76,77,71,70,72,71,70,70,67,67,67,69,67,65,64,64,63,65,64,63,61,56,56,55,49,49
50,55,54,49,52,52,58,71,125,131,143,145,148,149,150,152,152,152,156,132,85,68,70,70,64,63,60,70,118,171,170,173,173,174,178,180,181,182,185,186,187,188,190,192,192,193,193,194,195,194,187,134,179,204,205,206,214,211,212,189,198,212,143,91,199,191,144,133,99,119,154,126,134,149,157,161,159,159,160,162,162,159,163,160,151,159,160,165,165,164,164,164,165,165,165,165,165,164,165,166,167,167,168,168,167,168,168,165,166,166,164,164,165,165,163,162,159,156,160,162,159,156,157,162,169,172,176,181,185,188,186,176,174,168,176,187,185,181,175,170,168,178,192,194,188,176,164,161,162,161,161,164,168,168,167,167,168,170,171,170,170,170,171,172,172,175,179,175,172,174,174,173,175,175,172,168,166,162,159,156,154,154,151,152,154,155,153,148,145,143,141,142,142,141,138,137,135,137,139,138,138,137,136,136,136,135,134,135,137,137,137,137,134,134,136,138,138,138,140,134,131,128,131,127,128,127,125,125,123,122,122,122,120,120,122,122,120,122,120,115,113,115,114,112,115,114,116,114,114,115,113,112,113,113,110,106,104,100,100,100,96,95,95,96,93,92,95,93,91,91,93,94,93,93,98,96,95,102,103,97,95,92,87,81,78,79,80,80,79,78,78,77,75,73,74,75,71,70,70,69,70,69,63,61,66,68,66,64,65,63,63,66,64,61,60,59,58,55,50,49
50,57,54,55,54,53,58,82,130,131,143,146,147,148,149,150,151,151,150,155,136,86,72,71,69,65,65,66,76,131,174,173,172,174,177,179,181,182,183,185,186,187,190,192,192,193,193,194,196,197,199,171,139,191,202,205,210,219,211,204,186,216,188,86,161,205,161,141,129,91,126,150,119,140,153,157,158,158,160,160,163,161,163,162,156,155,163,162,162,162,162,162,164,165,166,166,165,164,165,166,166,166,167,167,165,166,166,164,164,165,163,161,161,162,160,157,155,155,158,159,159,158,163,169,172,174,185,196,198,193,179,162,167,174,181,180,179,177,172,168,166,166,175,185,187,188,179,166,159,158,161,164,161,160,163,167,168,168,166,165,168,168,167,166,169,172,177,174,174,172,172,176,176,175,173,170,164,160,157,157,153,152,150,151,157,161,161,156,152,146,142,141,142,141,139,137,133,136,140,140,139,138,137,138,136,135,134,135,136,136,136,136,133,133,135,138,140,140,140,134,127,124,127,124,125,125,124,124,123,121,120,119,117,117,118,117,117,118,117,114,113,108,109,113,111,110,112,112,113,115,114,114,113,111,111,110,105,103,103,101,99,95,92,91,90,91,94,91,91,93,92,91,91,89,86,86,91,94,96,96,100,105,101,91,82,79,80,79,79,78,78,77,73,73,72,72,71,69,69,68,68,67,65,65,65,60,58,63,66,63,62,66,66,60,58,59,58,54,52,50
51,57,49,51,58,58,59,94,136,133,143,144,146,147,148,149,150,150,151,155,157,141,88,70,72,68,67,67,66,80,141,174,171,174,177,179,180,181,182,183,185,187,190,191,192,193,193,195,194,197,195,200,153,150,202,207,207,217,214,213,183,208,210,122,105,204,193,145,143,123,98,140,135,120,149,158,156,160,161,160,160,162,163,161,159,158,160,160,162,162,162,162,163,165,166,166,164,164,164,165,165,165,166,166,165,166,167,165,163,164,163,159,159,160,158,156,155,155,158,160,164,165,168,172,185,199,207,200,187,179,174,172,175,180,180,182,180,175,166,163,167,164,160,173,184,187,190,179,165,161,162,163,159,157,161,165,166,165,165,165,164,164,165,165,166,167,164,164,171,171,172,172,175,174,172,169,167,164,160,157,153,154,150,148,153,161,165,162,158,151,145,143,142,141,138,137,134,135,138,140,140,139,139,140,137,137,135,136,135,135,135,135,135,134,134,134,139,143,135,133,131,128,124,123,123,122,123,125,126,125,120,115,114,114,116,114,114,114,113,112,111,111,111,112,110,109,111,109,109,112,110,107,110,110,110,111,109,106,105,103,103,101,97,93,89,92,89,89,91,89,88,88,88,90,88,89,90,88,86,86,89,96,99,100,96,90,85,81,79,78,78,77,73,73,73,72,71,69,69,70,68,68,66,66,67,67,65,64,65,64,63,63,63,61,61,60,60,56,57,53
48,53,47,47,51,60,63,104,136,134,140,143,146,146,147,148,149,149,152,156,157,160,139,87,70,73,68,67,67,68,86,149,175,173,175,178,178,178,181,183,186,186,188,191,192,193,193,194,194,195,196,200,191,139,176,205,208,213,215,214,194,195,218,170,76,182,205,163,144,142,113,97,137,113,142,156,156,158,161,159,159,159,159,159,158,156,156,159,162,162,162,162,162,165,165,162,162,164,165,165,165,165,165,164,164,164,162,161,162,162,162,159,159,157,155,151,151,153,160,163,167,174,179,192,206,201,192,173,169,173,173,176,181,186,180,185,182,171,165,164,166,165,162,167,172,181,186,184,180,171,160,160,156,155,161,160,157,160,162,165,161,161,162,165,164,164,166,166,167,169,169,170,171,173,175,172,171,168,161,157,156,156,152,149,153,158,159,158,157,153,148,146,143,141,136,136,137,136,138,141,141,141,141,141,139,138,138,138,136,135,132,133,135,134,134,135,138,138,136,134,129,126,127,122,120,119,120,124,128,125,122,118,115,114,115,114,113,111,108,110,109,112,110,110,111,111,109,107,109,109,107,106,109,109,108,109,107,104,104,104,105,102,100,99,94,92,89,89,89,86,88,87,85,89,90,87,87,85,82,84,82,80,84,89,95,94,93,92,87,83,77,75,74,73,71,70,71,71,71,70,68,68,67,66,67,67,63,62,64,62,59,59,59,61,62,60,58,57,57,54
46,50,47,47,48,53,61,108,132,131,142,144,145,146,147,148,149,148,151,155,158,157,162,143,89,72,71,70,70,68,69,94,156,174,175,179,178,179,181,183,186,187,189,191,191,192,192,194,194,195,197,197,201,181,137,191,208,211,219,212,207,182,218,197,97,131,208,185,146,141,138,95,91,127,123,158,159,158,159,159,158,158,158,158,157,158,158,158,160,161,161,160,158,160,162,162,165,164,164,164,163,163,163,162,162,161,160,159,158,157,156,153,154,153,155,153,154,161,164,168,180,196,208,209,200,180,167,165,173,180,180,179,181,184,179,182,179,175,173,170,166,165,164,164,161,168,175,178,184,172,165,160,153,154,160,157,155,157,157,158,159,160,159,161,162,163,164,165,166,165,163,166,169,173,177,176,173,169,164,160,160,158,154,153,157,159,157,154,152,148,143,143,143,142,136,137,139,139,140,142,142,142,142,142,141,140,139,140,139,136,138,136,136,135,135,136,136,134,132,129,126,127,125,123,122,119,119,121,126,126,124,120,118,113,112,112,112,110,107,108,110,112,110,110,110,111,110,109,108,105,106,108,107,107,107,106,103,100,103,108,103,100,101,99,96,94,92,91,89,89,88,86,84,85,86,87,87,82,84,84,83,82,79,77,79,82,86,88,91,91,84,81,76,71,69,71,71,71,69,66,65,65,65,65,68,66,59,57,65,62,59,61,61,59,58,59,57,54,52,51
47,50,46,49,48,52,56,101,130,101,106,142,144,145,146,148,149,148,149,152,153,157,158,161,144,91,75,74,82,73,68,69,102,165,175,177,178,178,181,183,185,188,189,190,191,192,192,193,194,195,197,198,199,202,165,151,205,205,217,210,214,184,203,214,146,81,194,204,156,142,140,129,93,107,121,147,158,157,157,158,158,158,158,158,159,161,162,161,159,160,160,159,162,162,163,163,163,163,161,161,162,162,161,160,161,160,159,158,156,156,158,156,152,152,158,160,162,163,173,190,207,210,202,187,171,168,167,174,181,182,181,180,180,179,174,173,175,174,174,173,169,167,166,166,164,157,158,167,178,177,172,158,153,155,158,155,152,153,152,153,157,159,157,156,158,159,160,161,163,161,158,161,164,169,176,175,172,169,166,164,162,161,158,157,158,158,155,151,149,145,142,142,144,143,138,138,141,142,144,145,143,143,143,143,143,144,144,143,143,139,140,139,138,137,136,136,134,132,130,127,126,129,125,124,123,122,121,121,125,125,122,117,114,112,111,113,113,111,110,109,110,112,109,109,105,106,107,107,107,106,106,109,110,106,103,103,103,105,106,104,99,99,101,99,98,97,96,94,90,90,85,83,83,83,83,84,84,80,83,83,82,84,81,76,75,75,75,76,84,89,87,92,92,82,73,70,72,70,65,62,63,61,54,48,58,63,63,63,65,63,61,61,61,55,51,52,56,53,51,50
46,48,46,49,49,48,55,109,132,86,67,112,143,145,146,149,149,147,148,150,151,154,158,161,162,143,93,75,109,119,77,71,71,113,167,176,178,178,181,183,185,188,190,190,190,191,191,192,194,195,197,198,198,199,199,147,175,210,213,215,212,199,189,220,190,83,143,207,180,143,143,139,128,98,89,90,149,157,155,155,157,157,157,157,161,161,161,160,158,159,159,158,161,161,162,162,159,159,159,159,159,160,160,159,159,158,157,155,153,156,162,164,158,157,160,161,165,176,193,192,196,190,174,169,170,182,183,183,181,176,174,173,174,174,175,175,174,168,167,171,169,165,167,168,164,158,156,160,166,174,172,169,161,158,159,156,153,154,153,155,158,159,156,154,155,156,157,157,158,158,157,158,163,169,175,175,173,171,168,167,164,165,163,159,156,154,150,147,148,146,144,144,143,143,139,140,141,143,144,144,143,143,143,143,145,149,149,143,143,142,137,138,136,135,133,133,132,131,130,130,129,129,127,124,125,125,125,124,125,124,121,120,118,117,113,112,112,110,109,107,109,111,107,107,101,102,105,106,106,106,107,106,106,105,102,100,101,100,100,99,96,98,101,100,99,101,99,96,95,91,85,85,83,84,84,83,81,80,78,82,83,85,85,81,76,75,74,73,75,77,75,84,91,87,83,80,75,67,61,59,59,62,56,45,44,54,60,65,63,64,62,61,59,55,51,49,54,54,54,52
47,46,45,48,50,49,64,121,124,75,58,70,110,140,147,148,148,146,147,149,151,154,158,161,162,161,142,94,114,160,120,76,70,74,122,173,175,179,180,181,185,187,188,188,188,189,190,192,194,195,196,198,199,198,202,188,142,196,211,217,211,210,184,212,210,125,94,195,201,151,143,143,139,123,81,58,108,149,160,157,158,157,157,158,159,159,159,158,157,159,159,157,158,158,158,158,158,158,159,158,156,157,157,157,154,151,151,149,147,148,157,165,165,164,164,176,185,191,191,177,167,168,175,177,178,183,182,180,174,170,169,172,176,173,175,181,175,167,166,170,167,167,165,166,165,163,164,162,162,164,168,177,170,164,162,154,154,156,157,155,155,157,158,154,152,154,155,156,153,154,154,154,159,163,168,172,173,168,170,168,168,170,167,163,158,155,150,151,150,147,144,141,143,144,143,143,141,142,141,140,139,141,142,142,148,149,148,144,141,136,134,134,134,131,128,130,133,130,130,134,129,126,123,123,123,123,124,124,122,123,122,121,120,119,114,112,112,109,108,107,108,106,107,106,102,103,105,106,105,105,105,103,100,99,98,97,99,100,99,100,99,96,99,100,101,102,101,100,97,95,89,87,88,87,85,84,81,81,79,80,82,81,81,80,80,78,76,76,72,72,71,71,73,78,85,87,82,77,72,64,56,58,56,55,53,56,59,65,62,62,60,61,60,59,58,53,54,56,56,52
48,46,44,46,47,49,73,123,115,65,58,60,66,107,144,147,146,146,147,149,151,154,158,161,161,163,163,142,128,158,158,121,79,72,74,134,178,177,177,181,185,186,187,187,187,188,190,191,193,195,195,198,201,200,199,206,174,152,208,214,212,215,189,199,219,170,72,165,209,174,143,145,142,138,125,87,75,118,151,159,155,156,157,157,157,158,158,158,157,156,156,156,156,157,157,156,157,156,157,157,157,156,155,152,147,144,139,140,145,151,159,163,163,171,185,192,189,182,176,169,169,176,178,177,179,177,175,177,174,169,172,180,180,174,173,178,177,169,163,164,165,167,166,164,165,164,164,162,162,161,165,177,180,174,168,160,155,153,154,154,152,154,154,151,150,153,155,156,156,155,154,153,159,161,162,165,168,169,169,166,166,169,169,167,164,161,155,153,151,149,146,143,146,146,145,145,139,139,139,141,142,141,143,145,146,146,145,142,137,131,129,128,127,127,127,131,134,131,129,129,126,125,123,124,122,123,123,122,119,122,121,118,118,117,112,111,112,110,110,109,104,102,103,104,102,102,103,104,102,101,102,100,101,100,99,99,99,100,99,100,98,96,98,96,99,99,99,101,102,100,95,93,89,84,83,85,82,83,81,79,82,81,81,80,83,83,80,76,75,74,70,70,70,70,74,76,78,83,84,75,64,57,52,55,62,63,63,63,60,61,59,60,58,59,59,55,56,57,52,50
49,45,44,45,47,51,81,120,102,57,58,60,60,90,143,145,145,145,146,149,151,154,158,161,161,162,163,161,153,157,162,160,119,78,71,85,143,178,178,180,183,186,187,187,187,188,190,191,193,195,195,197,199,204,200,200,204,158,173,214,211,215,204,187,221,196,101,110,204,191,149,142,144,139,136,127,83,97,139,157,152,154,155,154,157,159,155,154,154,154,154,154,155,156,157,155,154,153,154,154,154,153,149,145,140,136,135,144,152,160,163,164,176,191,195,188,175,161,159,166,173,175,176,180,177,174,171,169,175,170,171,176,175,177,176,171,170,168,165,165,166,165,166,164,165,167,169,167,162,158,159,167,174,176,174,173,162,152,150,153,151,152,152,151,151,154,156,156,153,155,157,158,159,159,160,160,162,166,164,163,166,166,166,166,168,166,158,156,155,152,149,147,153,149,142,142,139,138,138,140,142,142,143,144,142,142,141,140,137,132,130,131,127,125,125,128,125,126,129,126,128,128,126,126,125,126,126,122,119,123,121,118,122,119,112,109,112,109,109,109,103,101,102,102,100,99,99,98,99,99,100,98,99,99,98,98,98,98,97,98,99,97,93,83,86,92,95,98,100,98,94,92,90,86,85,86,84,85,82,80,82,81,81,80,80,80,79,78,77,75,71,69,73,69,67,65,65,70,75,70,64,68,71,66,59,58,62,61,57,59,57,59,59,58,59,57,57,57,51,51
47,44,45,45,47,53,91,123,97,57,58,61,57,100,143,144,146,145,147,149,151,154,158,160,161,161,159,161,161,159,162,164,165,122,80,75,88,154,180,180,184,185,186,186,186,188,189,190,192,194,194,197,200,201,201,201,201,198,153,191,203,204,204,174,211,215,147,73,173,200,167,141,143,143,136,138,112,109,143,143,146,150,151,149,147,155,154,152,151,153,153,151,154,154,154,153,151,150,152,150,147,144,140,138,138,140,151,157,158,156,166,190,197,187,178,163,158,155,163,173,173,175,182,181,174,165,162,162,167,165,165,169,167,170,171,168,168,169,172,172,169,165,166,167,171,172,170,167,165,161,156,159,165,172,175,180,173,159,153,158,156,157,157,156,153,154,154,154,155,156,157,157,157,157,158,158,158,164,163,166,169,167,165,164,167,167,161,157,157,155,151,148,149,148,144,141,141,142,142,140,140,141,142,142,138,138,140,141,137,134,134,136,132,128,124,123,124,128,131,125,125,124,121,121,122,127,128,125,121,125,123,119,117,116,112,112,114,111,109,108,106,105,104,102,100,98,97,97,100,99,100,98,96,96,96,95,95,96,95,96,97,97,92,80,76,82,90,97,98,95,93,90,91,90,89,88,87,85,82,82,82,81,80,80,80,79,77,78,82,81,77,76,74,72,69,66,63,61,65,66,62,63,70,74,70,63,66,64,63,62,58,58,56,52,54,57,57,55,53,52
43,43,45,44,48,58,104,127,96,56,58,61,59,108,146,146,146,144,146,149,149,153,157,158,160,160,161,162,163,162,164,164,167,163,118,81,76,98,162,184,184,185,184,184,186,187,188,190,191,194,195,195,198,199,200,201,203,208,187,158,194,154,150,145,191,221,185,85,123,205,192,144,142,145,142,137,135,112,146,149,147,148,151,150,139,148,151,151,151,149,150,150,151,151,151,150,150,149,146,143,142,135,137,142,145,155,160,159,162,176,192,201,200,174,158,155,161,165,172,177,176,176,173,168,163,155,153,158,161,163,165,166,165,165,166,169,171,174,173,171,169,168,168,168,168,166,163,166,168,163,158,159,160,163,170,177,176,170,162,159,159,159,160,160,154,154,154,153,156,156,156,157,157,158,158,156,157,160,162,164,166,166,164,164,164,166,168,163,160,159,153,151,147,145,145,143,141,140,141,142,141,140,141,142,139,139,139,139,140,137,135,133,131,131,128,123,122,124,126,124,122,121,120,120,121,126,122,124,123,122,121,117,115,113,113,114,113,111,110,109,105,104,106,107,101,96,99,103,100,99,98,98,98,96,96,95,95,92,94,95,94,94,93,92,91,93,94,95,95,95,94,92,91,91,90,88,86,84,83,82,80,77,76,78,81,79,77,77,79,77,78,75,72,72,71,69,65,61,61,65,61,57,61,67,70,70,69,68,70,66,59,57,55,53,54,53,53,54,54,53
43,43,45,44,48,69,114,130,88,56,57,60,60,110,147,145,145,144,146,148,149,153,157,158,160,159,160,162,163,163,164,164,165,165,160,121,87,76,103,170,186,183,182,183,185,186,188,189,190,193,195,195,197,199,200,201,203,204,211,173,162,148,131,137,170,217,206,124,76,191,203,162,141,142,142,139,137,122,128,151,147,147,149,150,139,140,152,146,149,148,149,150,148,148,148,148,147,145,141,139,143,143,148,152,156,161,162,179,189,204,196,181,167,155,154,162,165,168,172,173,174,169,162,160,157,156,156,158,160,162,163,162,163,164,168,172,176,176,173,169,167,167,168,168,168,161,163,165,161,161,155,154,155,155,159,168,172,168,168,162,161,159,158,159,157,161,160,155,156,155,156,156,155,155,154,153,154,154,158,161,160,163,164,160,161,165,160,157,159,159,155,155,153,147,146,144,144,143,143,142,139,140,139,137,137,139,139,138,138,136,134,131,131,130,127,124,125,123,124,125,124,123,122,121,122,122,119,121,118,117,117,116,114,113,113,114,115,113,102,105,106,104,105,107,105,101,100,101,98,97,97,98,98,96,97,98,96,93,94,93,93,93,92,92,95,94,93,93,93,93,93,92,95,94,93,93,88,86,83,81,79,78,79,81,81,78,75,74,77,77,80,76,74,74,73,71,67,66,66,65,62,60,61,60,57,64,68,64,68,74,66,66,62,58,55,50,52,52,51,49
43,43,45,44,49,84,118,125,75,56,57,57,61,113,147,145,146,147,148,149,149,153,157,158,159,159,160,161,162,162,163,163,166,165,169,163,118,86,77,116,177,181,182,187,185,186,188,189,189,192,195,195,197,198,199,201,201,206,207,207,155,134,130,131,159,202,217,169,58,142,206,182,143,141,147,142,136,133,118,145,145,145,145,145,146,138,145,141,143,145,145,146,145,145,145,145,143,141,140,143,148,152,153,156,161,174,192,199,196,193,171,157,159,162,165,169,170,169,171,172,172,165,160,158,155,158,158,156,157,159,159,159,161,164,168,172,171,171,171,169,166,166,167,167,168,162,162,161,158,154,149,151,153,151,154,161,164,165,172,170,164,160,156,156,158,164,165,160,157,156,154,155,158,157,155,152,152,151,153,156,155,159,159,154,159,158,140,132,148,156,156,155,155,150,147,146,146,146,144,141,139,138,136,133,134,138,137,135,134,133,138,137,133,129,124,126,129,126,123,124,123,120,121,125,120,118,118,119,121,117,115,114,111,111,113,115,119,116,103,103,107,105,103,104,105,103,101,99,99,98,99,99,97,95,96,97,95,94,95,92,91,91,91,92,93,92,92,93,93,95,96,96,96,95,94,95,94,92,89,87,84,81,80,79,79,78,75,75,76,75,77,76,76,75,74,73,70,71,70,65,63,63,62,58,54,58,62,60,62,68,66,75,74,67,61,56,53,52,52,53
43,43,44,44,56,101,122,120,66,55,56,56,61,115,147,145,147,148,149,150,149,153,157,158,159,158,159,161,162,162,163,163,164,164,167,170,163,122,88,78,125,182,179,185,185,185,187,188,188,191,194,195,196,198,199,200,202,205,206,208,197,130,120,127,147,184,222,197,95,80,198,198,159,140,143,141,132,135,124,135,147,146,144,143,145,141,138,144,138,141,141,141,140,140,142,142,144,140,142,150,156,155,152,155,182,195,202,185,169,156,152,158,165,168,169,171,167,167,169,167,165,161,159,158,153,154,154,152,152,155,157,159,161,162,166,170,168,166,162,162,164,165,166,167,167,165,159,156,157,158,154,152,151,151,155,159,160,163,168,174,168,164,159,156,160,165,165,161,159,157,155,155,160,159,156,152,149,149,148,148,150,154,155,153,155,156,150,143,152,159,159,158,157,155,153,150,148,147,144,139,140,137,133,132,133,137,137,134,133,131,137,135,134,130,122,126,130,128,123,123,122,118,116,117,116,116,119,117,116,112,113,114,113,111,110,111,110,112,111,109,108,105,102,102,97,100,103,101,103,102,100,100,97,94,94,93,93,94,96,93,90,91,91,92,94,91,91,93,92,94,97,98,95,93,93,95,91,90,89,88,84,83,81,80,79,79,78,79,76,72,72,73,75,74,73,72,72,72,69,66,66,66,65,60,57,58,57,55,55,57,57,60,71,73,71,65,63,57,50,47
43,44,43,45,66,111,124,116,62,53,55,57,62,119,146,146,144,146,149,152,152,153,156,158,157,158,159,160,162,163,162,163,164,164,166,168,172,162,119,86,82,139,180,182,185,185,186,187,188,189,192,194,195,196,199,201,202,203,205,208,212,179,121,125,134,169,215,212,156,56,155,209,177,138,139,141,135,135,130,129,142,142,142,146,144,143,137,134,133,136,142,141,139,138,142,141,142,146,147,153,165,165,166,165,161,177,173,153,150,149,158,169,171,169,170,169,161,162,167,166,162,160,159,156,154,153,151,150,147,152,155,159,158,156,158,163,162,162,159,159,162,162,164,166,162,159,157,156,159,163,161,155,153,151,157,160,153,155,161,166,170,168,162,155,161,163,163,160,157,157,157,157,159,161,157,154,153,151,148,149,149,149,150,150,155,158,159,159,159,160,160,159,158,160,157,156,153,149,146,143,140,138,137,138,138,136,137,134,131,131,130,131,134,135,123,126,130,128,122,123,124,118,119,115,117,117,117,116,115,112,115,115,113,113,110,110,111,110,108,107,106,103,103,103,101,101,104,102,102,101,101,100,98,95,95,93,92,94,96,94,92,93,94,93,92,89,92,96,90,88,92,94,93,93,94,93,90,89,90,90,85,82,81,81,80,81,80,80,81,76,72,72,73,72,69,68,69,68,67,66,66,67,66,60,57,61,60,56,54,54,53,52,56,60,65,68,73,71,63,59
43,43,42,47,78,113,119,110,61,53,55,57,61,118,143,143,143,146,149,152,152,152,155,158,157,158,159,160,162,162,161,162,163,164,166,169,172,172,160,117,84,86,149,185,183,185,187,186,188,188,191,194,194,196,198,201,202,202,205,208,208,211,154,127,128,155,197,222,179,60,98,207,197,148,137,141,140,136,134,125,137,138,147,146,142,141,137,132,131,131,137,140,134,137,141,140,147,145,150,160,170,177,174,158,136,148,148,152,157,163,164,167,168,167,165,162,156,160,164,164,164,161,158,153,151,150,151,150,146,151,152,154,156,156,155,156,158,161,164,158,157,161,162,159,157,155,156,157,156,156,155,154,154,152,155,157,155,157,159,157,160,167,167,162,162,161,159,159,156,156,157,158,159,161,158,156,155,152,150,151,150,147,148,152,154,157,160,161,160,161,161,160,162,161,158,159,155,149,146,144,142,139,138,139,139,135,135,131,133,135,134,133,132,134,135,135,134,131,130,126,124,121,123,120,121,119,116,115,114,113,116,112,112,111,109,111,112,111,109,107,104,104,105,106,103,100,103,102,100,100,100,101,101,99,97,95,94,95,94,94,94,94,91,89,91,90,93,94,91,90,91,88,89,93,89,91,93,92,90,89,84,82,81,80,80,81,80,80,79,78,76,73,71,69,68,69,69,68,66,66,65,64,63,60,55,53,60,55,56,57,54,53,48,49,53,56,59,65,72,76
41,43,41,50,90,116,116,105,58,52,55,56,61,118,143,143,143,145,148,150,151,152,155,157,157,157,159,159,160,161,160,161,163,164,165,168,171,169,171,161,119,87,93,158,187,181,185,188,188,189,191,192,194,196,198,200,201,202,205,207,209,211,187,134,133,143,178,221,185,67,46,179,208,169,141,140,139,135,136,129,124,137,142,140,139,138,136,134,128,128,129,127,124,137,143,143,143,149,168,179,179,168,157,146,147,153,152,162,162,158,162,163,162,163,158,154,156,161,163,164,161,156,153,150,148,148,150,151,145,150,152,155,156,157,155,153,158,162,165,157,157,160,159,155,156,155,155,156,153,150,149,150,153,157,158,154,156,156,155,152,153,161,167,167,165,162,159,158,158,158,156,156,160,162,159,157,156,153,152,152,151,148,147,149,150,154,158,160,159,160,160,159,159,158,155,157,154,150,147,144,143,142,140,139,136,135,138,136,134,135,134,135,135,133,135,133,132,129,130,127,124,124,125,123,124,121,116,114,112,113,115,110,108,109,109,112,110,108,109,106,107,107,105,104,103,101,102,102,100,100,100,100,101,101,100,96,95,94,93,93,90,89,89,91,89,90,91,91,91,90,91,87,87,90,86,88,88,88,90,91,86,85,84,81,79,80,79,79,78,79,79,76,72,73,72,69,68,68,66,65,64,61,60,59,56,42,35,43,55,56,54,54,52,50,49,49,51,56,61,64
41,43,40,52,100,121,115,96,56,52,55,57,64,120,144,143,142,145,148,150,150,151,154,157,156,157,158,159,160,160,159,160,162,162,165,167,168,170,171,173,162,117,87,103,166,187,182,188,188,188,189,192,193,195,198,199,201,201,204,208,210,210,206,148,146,132,163,209,213,104,37,115,200,187,146,139,139,137,133,133,119,130,136,137,137,136,132,131,124,120,123,130,131,145,147,146,157,179,185,181,169,155,151,156,158,158,159,162,156,156,156,156,157,157,152,150,155,159,159,159,154,150,149,149,148,147,148,150,153,153,151,155,156,155,152,153,158,162,159,156,161,159,156,156,152,152,154,155,153,151,150,150,152,157,157,154,155,154,152,152,150,156,162,164,165,165,160,154,152,157,160,158,159,162,160,159,156,152,152,151,149,149,148,147,146,150,155,158,157,158,157,156,157,159,156,156,155,154,151,145,142,145,143,137,135,135,137,137,135,132,130,135,139,134,131,134,133,129,122,124,125,124,123,121,123,121,118,116,113,112,113,109,109,110,108,109,108,105,106,103,105,107,107,105,103,102,103,100,98,99,100,100,98,100,101,98,94,93,93,94,91,88,88,89,88,88,90,90,89,87,90,90,87,86,88,87,87,86,85,86,88,89,88,85,80,82,80,80,81,80,78,77,73,76,75,67,67,67,66,65,63,59,58,58,55,50,38,38,52,53,53,54,52,50,47,45,46,49,47,48
42,41,42,57,105,121,113,83,52,52,54,56,64,121,143,141,142,144,145,148,149,150,153,155,155,156,158,158,159,159,159,159,161,161,164,166,168,170,172,171,172,159,118,92,110,173,188,186,189,188,188,190,191,194,197,198,200,201,202,207,208,211,212,168,147,136,150,191,223,185,89,52,182,202,161,135,138,138,136,133,125,123,133,129,132,133,127,122,121,129,130,133,144,142,157,176,176,173,165,156,148,154,158,157,158,163,164,159,154,154,153,151,150,153,147,150,155,156,155,156,153,150,148,148,148,149,148,149,151,153,154,154,154,152,150,154,159,158,156,158,161,160,157,156,149,153,153,155,155,150,148,150,153,154,154,154,154,152,150,149,149,148,151,160,166,167,164,155,151,155,157,155,155,160,161,157,154,151,151,149,150,150,149,147,146,148,152,155,157,156,155,156,158,161,160,157,156,156,153,147,144,144,142,140,136,139,135,138,137,133,130,132,139,138,136,138,135,133,128,128,126,122,123,123,122,120,119,115,116,116,113,109,107,109,110,110,106,107,106,105,105,105,105,110,105,99,101,103,104,101,99,99,96,99,100,98,98,97,97,96,95,93,91,87,85,87,87,86,86,86,88,88,88,87,88,89,85,83,82,83,85,87,87,85,86,86,84,81,80,77,74,74,73,74,73,70,69,67,67,67,61,59,60,59,58,59,55,51,53,53,53,53,51,50,48,47,45,44,42,41
41,39,43,65,108,116,108,76,52,52,53,55,63,121,142,141,142,144,144,145,147,148,151,152,154,156,157,158,159,159,159,159,160,161,162,165,167,170,171,171,171,171,159,120,92,119,181,189,188,187,188,189,190,193,196,198,199,200,201,206,208,210,213,193,134,137,140,167,216,213,147,39,142,210,191,141,137,137,136,133,131,131,129,126,128,129,125,123,131,133,132,130,143,155,172,164,147,143,144,149,151,155,155,151,151,154,156,156,152,151,152,150,147,146,144,150,152,151,155,155,155,149,147,149,148,148,147,147,148,148,149,152,151,151,151,155,159,157,157,158,158,159,158,156,155,157,153,153,152,150,149,149,151,152,150,150,150,146,144,145,147,146,146,152,163,167,172,166,158,156,153,151,152,157,158,156,153,153,154,153,151,150,149,146,145,147,150,152,153,153,155,158,160,158,157,157,156,153,149,148,146,142,142,144,143,140,139,139,138,138,135,134,138,139,137,136,135,135,130,127,128,127,128,128,124,121,121,117,115,116,115,113,108,106,111,108,106,110,110,108,108,104,103,108,105,101,102,103,105,104,103,102,98,99,98,98,103,102,100,99,100,99,91,88,91,89,86,86,89,86,85,84,86,88,88,86,85,83,83,84,85,85,83,83,87,87,85,82,80,78,76,75,74,75,73,71,69,68,68,68,59,60,62,59,58,59,56,54,54,54,53,51,51,51,51,51,49,47,43,40
41,39,44,71,107,109,98,68,50,51,53,55,62,120,141,139,141,144,143,142,143,146,148,149,151,154,156,156,158,159,160,160,160,160,161,164,166,168,170,170,169,170,173,158,119,94,131,185,189,187,187,189,190,193,196,197,199,199,200,204,209,208,210,212,153,143,142,149,200,222,185,72,77,205,209,160,136,136,136,133,129,132,126,123,122,126,129,133,138,137,144,142,144,155,142,145,141,145,149,150,151,152,150,147,147,147,149,152,151,150,150,148,145,143,145,148,150,151,147,148,150,146,145,148,148,146,146,146,146,145,145,147,150,153,155,157,155,154,154,153,153,153,156,155,156,157,151,149,146,148,151,154,153,150,147,147,146,145,143,141,145,147,143,142,149,161,171,164,160,159,155,152,150,153,155,155,155,156,154,153,152,151,148,146,144,145,147,148,150,154,158,160,159,156,154,156,155,150,146,146,145,141,140,143,146,142,140,140,139,141,140,138,137,137,136,136,137,137,132,129,131,132,130,129,127,124,123,119,116,121,117,109,111,110,109,110,109,112,110,108,108,108,108,105,103,106,104,102,105,107,105,101,99,98,97,99,100,98,98,99,101,100,92,89,91,89,88,89,87,83,82,85,86,87,86,84,84,83,83,84,83,82,82,82,81,82,83,83,77,78,77,77,75,75,72,69,69,67,68,67,61,61,61,57,56,56,55,55,55,53,52,52,53,52,52,51,52,49,45,42
37,40,48,77,104,104,90,63,51,51,52,54,61,119,140,139,140,143,141,139,141,143,145,147,149,152,155,156,157,159,160,161,161,161,162,163,166,168,169,169,169,169,171,173,160,118,96,142,188,187,186,189,189,192,196,197,198,199,199,202,207,207,211,214,203,151,182,179,178,226,205,123,42,164,213,177,139,136,136,135,131,131,126,119,126,131,137,142,141,151,163,148,133,136,134,141,141,146,148,145,146,147,147,146,147,147,147,149,145,145,147,146,146,144,147,147,148,147,146,146,146,145,144,144,144,145,147,146,144,144,144,145,146,149,150,152,155,155,155,154,153,150,155,157,155,155,149,147,148,147,149,153,155,152,146,146,147,143,141,141,145,148,144,140,141,149,159,162,164,163,157,151,149,152,155,155,152,155,154,154,152,151,148,145,143,143,144,144,149,153,156,157,157,155,154,153,151,148,144,142,144,144,143,142,143,144,138,139,139,139,139,140,138,136,134,137,136,132,128,128,132,132,128,127,128,126,126,122,117,117,116,115,117,109,113,111,108,109,109,109,110,108,110,107,103,108,105,103,108,106,101,99,104,100,99,103,102,98,97,99,98,95,95,90,89,88,84,80,78,81,86,87,84,83,84,85,81,81,82,83,83,82,84,86,79,80,82,82,78,75,75,77,77,77,73,69,70,68,69,68,62,60,60,58,55,56,56,57,55,51,52,54,54,53,51,50,52,50,47,44
36,41,53,79,101,101,84,60,51,52,53,53,58,117,139,138,139,143,140,139,141,142,143,146,147,150,154,156,158,157,157,158,160,160,161,162,163,166,168,169,169,169,171,171,174,158,117,101,148,189,186,188,188,189,193,196,198,198,199,199,202,207,209,213,218,186,209,212,175,218,221,171,51,103,214,193,147,134,134,133,131,132,129,131,137,135,129,148,153,151,148,131,126,125,138,143,140,142,144,142,143,145,145,146,147,148,147,146,142,139,146,145,144,143,142,144,156,147,147,147,149,144,145,142,139,143,144,141,142,143,143,146,147,149,154,152,155,155,155,155,154,151,159,156,156,156,152,148,150,149,148,150,153,150,147,147,146,140,139,143,145,144,143,142,140,141,147,154,163,169,164,156,153,155,153,156,153,152,153,157,151,148,146,145,144,142,143,145,146,148,149,152,157,153,153,150,147,146,143,141,141,144,144,144,145,141,139,142,143,137,136,137,136,138,133,129,129,126,126,128,129,129,125,125,124,124,125,123,118,117,117,119,117,113,113,112,106,109,110,108,108,105,109,104,103,106,105,104,105,107,102,102,104,102,100,102,102,98,96,97,94,93,93,91,89,87,85,78,72,78,87,87,87,85,85,84,79,77,80,82,81,80,79,82,81,81,79,80,81,78,76,76,77,77,76,74,73,70,70,66,62,60,59,59,57,57,56,53,54,55,51,52,53,52,53,51,52,51,49,46
36,42,58,82,95,98,82,57,51,52,53,53,59,118,138,138,140,144,140,139,142,142,143,145,148,151,155,157,158,156,155,156,159,159,159,160,162,165,167,168,169,169,170,171,169,175,157,116,106,157,188,187,188,189,192,196,198,198,199,199,202,206,208,213,218,213,199,222,187,201,226,199,101,51,180,212,166,133,132,133,131,129,130,135,140,143,154,166,155,137,129,128,136,132,131,140,140,138,138,137,143,142,144,147,147,146,145,143,143,143,146,145,146,144,141,140,142,145,149,147,147,145,143,140,137,137,137,137,139,138,139,144,147,148,153,151,152,155,155,153,151,150,156,154,155,156,154,149,148,152,146,147,143,143,145,147,145,142,141,141,145,140,137,139,139,138,139,142,154,164,162,159,160,159,155,155,155,151,149,150,150,150,148,145,144,143,146,148,142,142,150,151,151,149,149,149,147,146,145,143,142,144,145,146,145,140,140,143,145,140,134,136,137,136,136,129,125,122,126,130,126,124,128,128,121,120,121,121,118,119,120,117,116,117,114,110,109,111,111,110,106,105,107,104,106,110,109,106,104,106,104,103,99,103,104,100,98,99,99,95,94,93,90,89,89,90,85,83,88,84,83,86,88,83,83,85,79,77,79,79,79,81,79,77,81,82,77,77,78,76,73,73,75,78,79,76,73,71,71,68,64,63,62,62,62,59,56,53,55,58,53,50,53,53,54,52,51,50,49,46
38,43,65,88,92,94,79,56,50,51,52,53,61,122,138,138,139,144,142,141,143,142,142,144,147,150,154,156,157,155,154,154,156,156,157,158,160,164,166,167,168,168,169,169,172,171,174,158,119,110,167,187,187,189,192,195,197,198,198,198,202,206,208,212,215,220,197,221,204,187,227,213,151,39,126,200,151,123,134,131,133,130,128,131,143,174,179,160,139,126,126,131,140,133,124,140,142,137,136,136,141,139,143,146,143,141,142,138,139,144,145,143,142,142,143,145,144,145,145,144,145,145,141,139,137,134,135,138,137,136,140,142,144,146,147,148,150,153,154,152,149,150,153,153,155,154,151,146,147,148,139,137,138,140,143,145,141,140,140,139,139,139,137,133,137,140,140,139,145,152,155,157,157,156,155,151,151,148,148,150,149,151,151,148,145,144,147,148,142,141,148,146,144,145,143,146,146,145,144,143,145,146,146,148,146,141,139,141,140,138,136,135,137,137,137,133,130,127,126,124,123,122,127,129,120,121,122,119,117,119,118,117,119,117,118,113,111,110,109,109,100,99,103,104,106,108,107,106,104,102,105,105,104,102,100,101,99,96,95,96,95,94,92,89,86,88,83,84,88,90,86,87,86,81,82,83,80,79,79,77,77,77,75,75,79,80,75,75,75,76,75,74,73,75,76,75,71,72,73,71,67,66,66,67,64,60,56,53,53,56,55,52,52,54,55,52,50,49,49,47
38,45,70,92,93,92,75,54,50,51,52,53,63,123,138,137,137,143,143,144,144,143,142,142,144,147,151,154,157,156,153,153,155,155,155,156,160,164,165,166,166,167,168,169,170,170,173,178,156,116,116,172,188,188,191,195,197,197,197,198,201,205,207,212,214,220,204,211,221,183,213,227,184,82,127,178,155,100,117,132,130,131,130,132,142,163,169,150,133,133,138,135,138,138,127,128,136,134,135,135,138,138,144,143,142,140,140,135,133,141,141,139,137,138,140,143,139,139,140,142,142,145,139,138,140,137,134,134,133,136,140,139,139,141,143,145,147,147,148,149,147,149,150,151,152,152,149,145,144,140,137,137,139,142,142,141,141,139,139,141,138,135,134,136,138,141,142,140,140,142,146,154,156,157,162,157,152,148,147,148,148,149,152,153,147,144,146,147,146,145,143,141,141,143,139,143,144,143,142,142,146,147,146,149,147,142,139,140,134,136,144,137,136,138,135,134,129,129,128,122,123,124,124,129,123,122,123,122,119,118,118,118,118,125,118,115,112,108,106,107,103,101,102,103,104,103,102,105,106,102,105,104,105,104,102,101,99,96,95,94,92,91,91,89,84,81,84,83,85,88,84,89,85,82,82,82,80,80,80,77,77,77,76,77,76,76,74,74,71,72,73,72,73,72,72,73,70,72,73,73,66,65,67,67,66,62,58,57,56,55,55,53,52,54,56,53,49,49,49,47
39,51,75,89,93,91,71,51,49,50,52,52,65,123,138,137,140,141,143,145,145,143,142,143,144,146,150,153,154,154,154,153,155,154,155,157,159,163,167,167,165,165,166,167,168,170,172,174,175,151,114,126,176,191,188,191,195,196,195,197,200,201,205,209,212,217,214,199,225,194,194,230,204,126,131,180,178,106,88,118,133,133,134,134,134,135,133,131,127,139,141,138,129,130,131,125,132,131,128,132,139,138,143,142,140,140,141,136,135,140,141,138,136,137,138,139,138,136,141,141,139,141,139,135,133,132,131,131,131,134,138,139,136,135,140,144,144,145,147,147,148,146,148,149,149,150,150,147,140,138,140,143,142,144,145,138,139,137,144,144,139,137,138,139,137,138,142,140,137,137,138,143,151,155,159,159,158,152,148,148,148,150,152,152,148,146,147,148,146,142,141,140,139,140,143,140,144,145,140,142,146,146,145,145,145,143,138,140,137,136,139,140,133,130,131,128,126,123,124,124,128,127,125,123,122,122,121,120,117,117,113,115,117,120,118,117,112,108,100,101,107,108,107,103,101,103,103,104,104,104,105,106,104,100,101,102,98,97,96,92,89,89,89,86,84,84,86,88,86,85,87,85,83,82,81,81,80,79,78,76,79,78,76,74,72,72,72,72,71,71,70,72,72,70,73,72,70,72,72,69,67,66,65,62,65,64,60,61,58,52,53,52,52,54,56,51,46,45,47,48
39,58,83,90,92,88,67,51,49,50,52,52,68,126,137,137,139,141,143,145,146,145,143,143,145,148,151,154,154,154,153,152,154,157,158,158,159,163,167,167,166,165,165,165,167,169,171,173,176,173,150,115,131,185,187,190,194,195,195,197,199,200,204,207,209,216,220,200,219,210,182,222,222,156,98,181,185,142,81,86,116,137,137,137,133,132,132,132,141,144,138,131,127,124,131,123,124,129,128,132,137,137,139,139,136,135,135,134,136,139,139,138,136,137,137,138,140,135,138,138,136,138,137,132,129,129,131,132,132,135,138,139,136,136,140,142,143,142,142,144,148,146,150,152,152,153,152,149,141,143,142,137,140,148,145,138,137,141,146,143,139,140,139,135,134,135,140,138,135,136,133,132,140,146,151,163,163,156,152,152,151,152,152,151,150,148,149,148,147,142,140,139,136,140,144,140,145,147,144,144,143,144,145,145,145,142,143,139,136,133,133,134,135,134,128,127,123,120,121,124,128,128,126,120,119,120,121,121,116,117,116,116,116,115,116,119,113,109,99,98,111,108,104,100,99,101,103,103,103,103,102,102,102,100,100,101,99,94,93,90,90,91,88,89,86,86,88,90,86,84,86,85,83,82,81,80,81,80,79,77,78,74,70,70,73,73,70,68,70,70,68,71,69,67,71,71,69,68,67,66,66,67,67,63,63,62,62,53,36,37,52,51,53,54,56,52,47,46,47,46
40,64,90,93,92,84,62,48,49,50,52,51,70,129,135,137,139,141,143,145,146,146,146,145,148,149,152,154,154,155,154,153,152,154,157,157,158,163,167,168,168,166,163,162,164,167,170,172,174,175,173,144,118,142,187,188,192,195,196,196,197,199,203,206,208,214,222,208,207,221,188,206,231,190,100,154,189,167,98,83,84,114,139,136,132,132,136,140,145,136,129,125,125,127,129,126,119,125,127,130,133,134,135,136,134,133,132,133,137,135,135,138,136,135,134,135,138,135,136,136,137,139,138,133,133,132,131,131,131,133,136,137,136,136,138,137,139,139,140,143,146,144,150,154,157,155,148,141,140,142,138,133,138,145,142,139,141,141,140,143,143,138,135,135,134,134,138,136,135,137,136,136,137,140,145,161,162,158,155,154,155,154,152,153,156,152,147,144,144,140,136,139,140,136,140,141,138,141,145,144,143,147,148,145,145,141,142,139,133,131,131,133,132,132,127,127,124,120,121,125,124,126,127,123,121,119,120,122,118,117,116,112,113,118,121,118,113,114,107,108,112,108,105,105,100,101,102,102,103,103,102,102,101,101,102,99,101,96,95,93,90,91,88,90,87,85,86,88,85,84,86,84,83,82,80,79,81,80,82,81,77,73,71,71,72,72,71,70,69,68,67,69,68,67,68,69,68,64,62,63,64,65,65,62,61,60,61,58,45,38,55,56,53,53,56,54,50,49,47,44
44,67,91,93,92,81,58,48,49,50,52,51,72,132,134,137,139,141,143,144,145,147,148,149,149,149,152,154,156,156,155,154,151,151,154,156,158,163,167,169,169,166,162,160,162,165,169,171,172,173,175,166,145,121,154,191,191,194,196,196,196,197,201,204,208,210,215,219,198,224,203,189,229,215,137,116,186,178,119,78,77,82,112,134,131,129,131,135,134,126,127,127,123,123,131,128,121,123,124,128,130,131,132,133,133,133,131,132,132,129,130,136,135,135,133,132,134,135,136,134,137,141,139,134,131,130,130,131,129,131,133,134,134,135,135,133,134,138,142,143,143,141,147,154,154,153,148,143,141,138,135,134,135,137,141,139,139,144,139,137,139,139,137,135,135,136,139,136,137,138,137,141,142,138,144,152,157,156,155,154,156,153,150,151,151,147,145,143,139,136,134,138,138,136,137,136,133,136,143,141,144,147,146,142,143,145,141,140,136,132,130,130,129,128,132,130,126,123,121,125,123,123,126,125,123,121,121,121,116,116,121,117,115,115,118,117,117,118,113,113,114,111,107,104,103,103,102,101,101,102,102,102,101,103,103,99,100,98,98,94,87,88,90,87,86,85,83,83,85,83,85,84,83,82,79,78,79,80,83,85,80,78,75,73,73,73,69,65,67,67,66,67,68,67,66,67,68,62,59,61,61,61,62,59,61,62,60,63,60,56,56,55,55,54,56,54,56,54,51,46
44,69,89,92,91,82,57,48,49,50,51,51,77,132,137,140,138,140,143,144,146,146,147,149,150,150,153,156,157,157,157,157,152,153,155,157,158,161,166,170,171,167,162,161,162,164,165,166,170,174,174,172,166,144,123,159,189,193,192,195,197,197,201,205,208,209,213,221,202,220,217,180,217,228,177,99,177,187,146,81,76,81,84,111,130,129,130,132,128,125,124,123,125,126,137,131,124,124,125,126,128,128,127,125,129,132,130,127,128,129,131,130,130,133,134,131,130,132,130,132,137,136,136,133,131,131,129,130,132,131,131,134,136,134,131,134,134,136,137,139,143,142,146,152,151,151,152,148,140,137,136,132,137,140,140,135,136,143,142,136,138,140,137,134,134,138,137,136,136,136,136,139,142,136,142,144,147,151,157,155,153,151,149,151,148,146,145,144,137,135,136,136,136,136,135,136,134,136,140,141,143,142,140,139,141,144,139,139,140,133,134,129,129,130,131,129,125,125,123,122,123,123,123,123,121,122,120,118,124,118,118,118,116,114,113,116,117,116,114,112,113,111,107,105,105,101,100,103,103,100,97,99,99,100,99,98,97,96,93,89,88,90,89,86,83,81,83,85,85,85,83,79,79,79,77,77,79,80,81,81,80,77,74,72,71,70,68,64,67,67,65,66,67,67,66,65,64,61,60,61,58,57,57,58,59,60,59,60,60,59,57,57,60,55,54,55,53,53,51,47
44,70,87,91,93,83,56,48,49,50,50,51,78,133,137,139,137,140,143,144,146,146,147,150,151,152,153,156,157,157,157,157,155,154,156,157,158,161,166,170,170,167,163,162,163,164,165,167,169,173,174,172,171,165,142,120,164,195,192,196,196,196,199,203,206,208,212,219,210,205,224,188,201,229,205,124,147,185,173,101,78,76,77,88,124,129,130,128,124,125,124,125,126,129,137,132,122,122,123,122,125,126,126,124,125,126,128,128,128,127,131,130,129,130,131,131,131,130,128,133,136,133,133,132,132,132,128,126,129,129,127,130,134,135,132,132,134,135,136,140,145,143,145,151,151,148,149,149,141,137,136,133,137,143,139,137,137,143,143,138,141,139,135,135,134,136,136,136,139,138,136,137,138,136,140,139,141,148,154,154,153,153,150,148,148,149,147,143,138,135,135,136,136,132,136,135,132,136,136,138,138,138,137,136,136,138,136,134,135,135,133,130,127,128,129,129,127,124,123,126,126,124,122,124,125,122,118,118,122,121,114,115,117,116,112,111,114,116,115,112,113,110,105,103,103,101,100,102,105,97,100,99,98,97,97,97,99,98,94,91,91,90,88,88,84,80,81,85,86,83,80,79,76,75,75,78,78,79,80,79,76,75,75,74,72,69,71,68,65,64,63,62,62,63,64,64,60,59,59,59,57,56,56,57,57,58,58,59,58,57,57,58,57,56,56,58,55,51,49,49
47,74,85,90,92,80,53,46,49,49,50,51,80,134,135,136,136,140,144,145,146,146,147,150,151,152,154,157,157,157,157,157,158,157,156,156,157,161,165,168,169,168,165,162,163,165,166,167,169,173,174,173,168,166,165,135,120,173,197,194,195,195,198,202,204,205,209,217,217,196,223,205,183,225,221,163,113,165,158,131,87,84,76,80,107,130,127,128,128,125,124,131,131,134,137,132,123,125,126,118,122,122,123,124,122,123,124,125,123,125,130,128,125,127,129,130,130,129,128,131,136,142,142,134,127,130,129,128,128,130,128,130,133,139,136,132,134,134,135,140,143,141,144,150,149,147,149,149,142,136,136,136,138,137,135,138,138,141,140,136,141,139,136,137,134,134,134,137,138,136,135,135,139,140,142,141,140,144,145,149,154,157,153,149,149,149,148,145,140,135,134,135,135,130,134,133,132,136,134,135,136,138,135,130,132,134,137,134,132,134,133,131,134,132,130,129,125,127,127,125,128,127,126,126,125,125,123,118,118,121,117,117,117,119,115,110,111,115,116,113,112,110,107,104,103,103,103,101,101,107,100,98,98,95,95,96,95,96,97,96,93,91,90,89,88,85,84,85,85,82,81,82,77,75,76,76,77,77,76,74,77,77,74,71,71,70,68,70,65,63,61,60,61,62,62,62,58,58,58,57,56,55,55,56,56,56,58,58,57,56,56,56,59,62,56,57,56,54,51,51
52,79,84,88,88,76,50,45,48,49,49,50,82,134,135,135,136,140,144,145,146,146,147,150,151,152,154,157,157,157,157,157,160,158,156,155,156,160,165,168,169,169,166,163,164,165,166,167,169,172,174,172,170,170,169,161,132,126,182,195,193,194,197,201,203,204,208,214,221,200,214,220,183,211,232,192,110,139,140,150,93,78,79,76,89,120,125,127,127,128,129,129,132,136,134,130,129,136,135,118,122,120,120,123,121,123,122,118,117,123,129,125,122,124,127,129,128,130,129,131,135,139,139,133,128,131,128,125,127,128,131,132,135,144,141,132,134,133,134,140,142,140,144,150,147,147,150,147,142,135,135,137,137,131,135,134,136,140,139,136,138,137,133,133,138,136,136,140,139,137,136,137,139,139,141,141,141,145,139,143,153,154,153,151,149,148,147,145,140,137,135,133,133,132,131,133,132,133,133,132,131,135,133,128,131,132,137,134,132,129,134,133,131,130,129,130,125,124,124,125,125,127,127,125,124,122,123,126,126,120,119,116,114,115,114,113,109,110,110,110,108,108,107,106,105,107,106,104,103,104,103,99,98,95,95,96,94,95,95,94,94,94,92,88,87,87,84,81,81,81,81,81,79,80,79,73,71,73,73,72,74,76,75,72,72,66,67,68,66,65,62,61,61,61,60,60,58,58,58,56,55,54,54,55,52,52,54,55,55,53,52,51,55,61,56,57,55,54,53,50
59,81,82,86,86,72,46,45,47,46,48,49,83,133,134,135,136,139,142,144,144,145,146,148,150,150,152,155,156,157,157,158,158,158,158,158,157,159,163,167,170,171,169,165,164,165,165,166,169,170,173,174,173,173,171,169,165,130,135,189,194,194,196,199,202,205,208,210,217,210,203,227,194,194,231,212,141,121,155,166,122,75,78,77,76,105,124,123,126,128,126,126,130,136,133,136,125,133,133,122,121,121,123,122,120,123,118,118,121,121,124,124,120,119,124,127,127,129,135,134,132,136,132,126,129,130,128,126,129,127,126,132,137,141,138,130,134,132,134,140,142,142,145,148,147,148,147,144,139,135,135,136,137,133,137,134,136,136,138,137,136,137,133,133,141,138,136,137,138,137,134,137,140,141,140,140,142,144,138,142,146,144,149,148,146,149,145,145,139,137,138,136,133,132,133,133,133,132,129,129,128,129,131,128,128,131,131,131,129,131,134,136,131,130,129,129,128,126,126,130,128,127,126,123,124,120,122,127,125,121,124,121,115,113,112,112,111,109,108,108,108,107,102,100,104,106,106,104,101,100,102,101,100,98,96,94,93,94,95,94,94,94,92,87,87,87,86,81,79,81,75,75,77,79,73,73,73,72,75,73,69,74,74,71,70,67,67,66,65,66,67,63,60,60,58,58,60,59,57,56,56,52,53,55,53,50,48,49,51,51,49,49,49,50,52,54,53,53,52,53
69,85,84,85,85,67,44,44,47,46,48,49,86,134,133,135,136,138,141,143,143,145,145,147,149,150,152,154,156,157,157,158,158,159,160,161,159,160,163,167,169,171,170,167,166,166,166,166,169,170,173,174,174,173,173,173,174,169,123,142,190,194,193,198,201,203,206,209,213,220,194,225,213,180,220,228,178,108,165,168,160,84,77,78,75,94,126,118,123,127,125,125,133,133,133,139,127,132,134,128,121,123,123,119,117,118,117,120,125,123,122,123,123,121,123,125,124,126,131,131,131,135,131,125,126,123,125,129,127,126,127,132,136,138,139,136,134,132,134,138,140,142,145,146,145,146,146,143,138,135,135,135,137,135,138,135,133,133,135,135,137,137,137,139,140,139,135,133,136,136,134,137,138,138,140,144,145,139,139,140,144,144,146,147,149,152,150,148,140,134,140,134,132,132,133,132,132,134,131,129,127,124,126,126,128,128,127,129,129,131,131,130,132,131,130,129,131,129,127,129,128,128,127,126,130,125,118,122,124,124,127,127,122,116,113,112,112,110,108,108,106,106,104,102,102,102,104,104,102,101,103,103,101,98,96,96,93,95,96,93,93,92,91,90,88,87,88,85,81,84,80,74,74,73,74,78,77,73,71,69,70,71,70,69,70,69,69,69,68,67,68,64,60,60,58,58,60,59,57,56,54,52,52,54,53,52,49,47,47,47,48,48,45,45,47,48,49,50,51,53
74,85,88,90,84,63,46,46,46,46,48,51,90,134,132,135,136,137,140,141,143,145,145,147,149,149,151,154,156,157,157,158,159,160,162,163,163,163,165,166,167,170,171,169,168,168,168,168,168,169,172,174,174,172,171,172,172,178,167,123,150,194,194,196,199,201,205,207,210,222,199,213,225,186,203,232,206,126,148,181,182,107,67,79,77,82,115,117,116,122,122,124,126,124,134,135,131,134,130,124,122,117,115,116,117,117,115,115,116,116,116,119,122,122,120,120,123,124,125,124,123,129,130,126,125,122,123,127,128,127,129,130,129,138,142,136,135,135,137,139,136,137,137,138,144,143,141,139,135,134,137,138,137,138,140,137,136,134,133,132,135,136,139,141,137,138,138,136,136,136,135,139,141,139,141,143,144,137,139,138,140,147,147,145,151,152,152,149,142,134,138,134,135,134,134,132,131,132,130,128,128,123,125,126,128,128,127,128,127,129,131,132,131,130,129,128,130,127,125,129,132,132,126,125,132,130,119,117,124,126,125,126,125,122,118,112,111,109,107,106,107,110,107,104,102,105,102,104,103,103,105,105,102,98,98,99,94,92,92,92,89,88,89,91,89,86,87,86,83,83,81,73,73,79,82,79,76,73,70,70,70,73,70,67,68,68,70,69,67,65,67,64,62,61,58,59,60,59,57,56,56,54,53,53,49,49,51,51,48,48,49,49,48,48,48,48,45,46,48,50
77,82,84,85,82,60,44,46,45,45,48,51,93,135,132,135,136,137,139,140,142,144,145,147,148,149,151,154,156,157,157,158,160,161,163,164,165,164,164,165,166,169,171,171,170,169,168,168,168,169,172,173,174,171,170,171,171,175,185,162,124,159,195,194,198,200,203,205,211,216,213,199,231,202,186,228,223,163,119,175,116,62,53,66,86,78,98,120,115,119,120,124,126,132,130,129,130,133,130,120,120,117,113,112,112,115,117,116,117,122,117,115,118,119,117,117,120,122,120,120,120,125,125,121,119,122,123,123,127,128,133,132,131,137,142,140,136,137,139,141,136,134,135,139,140,139,138,138,135,135,137,137,136,140,141,138,137,136,135,133,134,137,141,140,138,137,136,134,136,135,132,134,135,136,142,142,140,139,138,138,136,142,140,140,148,148,151,147,146,141,138,137,134,133,133,132,132,132,130,130,130,127,128,127,129,131,129,128,128,125,126,128,128,127,125,125,128,126,126,130,132,133,128,127,130,130,125,116,122,125,121,124,126,123,119,115,113,110,107,106,108,111,108,104,107,106,102,104,104,101,101,100,98,98,98,97,93,92,91,88,86,87,88,90,92,89,88,87,83,80,80,73,64,68,78,79,81,77,68,68,73,68,65,69,65,65,67,68,63,61,64,64,63,62,60,60,60,59,57,56,57,55,53,51,50,49,49,51,50,50,50,48,47,47,46,44,44,45,45,47
84,86,85,83,80,58,45,44,43,45,45,48,97,132,132,134,135,137,138,141,143,143,145,145,148,149,151,152,156,156,156,155,157,159,161,163,165,165,165,165,166,167,170,171,170,170,169,168,168,170,172,173,173,173,171,171,173,178,181,181,158,126,169,196,196,202,203,203,207,212,221,195,224,214,182,215,232,193,109,79,57,86,124,71,57,77,85,108,114,118,115,119,128,127,118,130,129,130,130,118,115,111,108,110,109,111,116,117,106,125,116,115,116,118,116,116,116,117,117,120,122,123,123,120,118,119,122,123,126,128,130,131,133,138,140,139,132,131,134,137,137,133,136,142,138,135,135,136,138,134,133,136,136,139,139,140,140,136,139,134,131,136,139,139,145,140,134,131,132,133,130,128,132,136,138,138,137,137,136,137,135,134,137,143,140,141,142,146,149,146,143,141,132,126,129,131,131,131,128,130,132,131,130,128,128,134,130,129,125,122,124,123,125,125,122,122,124,123,123,126,128,130,130,129,129,129,125,120,122,118,116,120,124,124,119,113,113,110,107,104,104,105,106,106,102,100,97,99,104,99,96,96,97,101,100,97,94,93,91,87,90,89,87,87,91,91,87,87,85,84,82,79,65,58,64,71,76,79,71,67,71,68,68,68,66,65,67,71,66,63,60,63,66,63,64,64,61,60,58,57,56,54,51,49,51,51,46,48,46,47,48,47,45,46,45,43,45,48,46,45
87,88,87,85,77,55,44,44,44,45,45,48,100,133,132,134,135,137,138,141,143,143,145,145,148,149,151,152,155,155,155,156,157,159,161,163,165,165,165,166,167,168,170,171,170,170,170,170,170,171,172,173,173,173,173,173,175,178,180,182,183,151,128,175,199,198,202,205,206,211,222,199,211,226,188,197,228,214,144,41,85,160,180,138,73,60,79,90,109,111,115,119,122,115,124,132,128,125,117,111,109,108,109,110,111,109,119,114,105,121,117,110,114,117,116,116,116,117,120,118,118,120,122,121,117,118,121,123,129,129,130,131,136,136,135,136,132,127,132,135,137,137,137,138,138,138,136,135,137,135,131,135,135,135,137,143,143,137,137,135,135,136,139,135,138,137,135,134,128,129,131,130,131,135,136,136,133,131,137,136,131,131,134,135,133,136,138,142,145,146,147,147,137,130,132,134,129,128,128,130,131,130,128,127,125,130,128,125,120,118,122,122,123,123,121,121,125,124,121,122,124,126,128,128,129,128,126,126,121,119,121,117,114,117,117,113,110,107,105,104,104,103,103,102,101,101,101,101,100,100,97,95,95,96,97,97,93,92,93,92,92,89,86,89,85,83,87,86,85,85,82,79,72,64,65,67,67,71,70,72,70,67,67,67,65,67,67,68,67,64,59,60,63,61,63,62,59,58,58,57,56,54,51,50,52,51,48,48,46,44,46,49,45,46,47,46,45,46,47,50
88,88,88,85,74,50,43,45,44,45,45,49,103,135,132,134,136,138,139,141,143,143,145,145,148,149,151,152,154,154,155,156,157,159,161,163,166,167,167,167,168,169,170,171,172,172,172,172,172,172,173,173,175,175,175,175,177,179,181,182,180,181,148,131,180,199,201,202,206,209,214,216,194,229,206,184,220,223,183,85,50,170,198,173,130,93,58,74,103,110,113,115,116,119,124,131,122,115,105,107,106,111,114,112,110,110,122,112,117,126,114,111,113,115,115,116,115,116,118,116,119,121,120,118,118,120,121,124,127,127,127,126,124,133,135,130,127,128,134,135,138,142,140,136,136,136,134,133,138,138,132,135,132,136,138,139,138,136,135,136,136,139,139,136,136,136,135,133,129,130,132,132,134,131,130,136,130,130,137,134,132,131,128,125,129,131,132,135,141,146,151,153,145,141,147,156,134,126,128,129,128,126,124,124,123,124,128,129,122,119,120,119,120,120,118,120,126,125,121,119,124,125,125,128,131,128,125,123,122,127,123,118,115,112,113,116,109,106,106,105,104,103,102,101,103,104,105,104,98,100,100,95,94,92,92,95,93,91,92,91,89,88,85,87,87,84,86,83,83,83,82,80,80,73,71,68,65,69,69,71,70,68,69,69,62,62,63,64,66,64,59,58,59,59,61,59,58,60,62,60,56,54,53,54,51,48,48,47,46,46,45,45,44,44,45,46,44,42,45,49
91,89,90,86,71,47,42,44,44,45,45,49,106,136,132,133,136,138,139,141,143,143,145,145,148,149,151,152,153,154,155,156,157,159,161,163,166,166,168,168,169,169,170,171,172,172,174,174,173,173,173,174,175,175,177,177,179,179,181,183,182,182,185,145,139,189,201,202,203,207,211,222,190,219,220,184,204,230,202,145,37,122,211,193,155,130,103,60,81,108,111,115,118,123,129,126,116,108,107,108,106,108,111,111,109,114,121,116,122,118,108,108,110,113,113,114,116,116,115,118,120,122,123,123,123,123,122,124,123,122,122,121,124,130,131,129,125,126,130,133,137,141,141,137,133,130,131,133,137,138,132,134,135,135,135,138,138,138,135,135,140,145,135,135,134,136,136,135,134,134,133,133,135,134,131,130,129,134,134,134,131,129,128,127,128,126,127,134,137,143,150,152,152,147,143,143,132,124,129,129,127,123,122,124,124,117,121,124,123,120,120,119,119,119,117,119,125,125,121,118,123,122,123,124,125,126,125,122,120,123,121,114,112,112,110,107,108,106,107,106,102,101,101,101,104,105,107,103,96,98,98,96,96,92,93,99,97,93,91,90,89,90,87,85,85,86,84,84,81,82,82,81,81,76,74,71,66,71,71,67,64,65,68,68,66,65,67,70,65,64,60,58,57,57,60,58,59,61,66,63,58,55,55,57,52,47,49,48,47,47,45,44,45,44,43,44,44,42,42,41
89,89,91,84,69,45,42,43,43,43,45,51,107,133,132,134,135,137,139,141,143,143,144,145,145,147,149,151,152,153,155,156,157,159,162,163,162,163,166,168,168,169,171,172,172,172,173,174,173,173,174,175,174,175,176,178,179,181,182,183,182,182,185,183,142,147,198,201,202,206,211,218,204,204,231,196,184,227,219,181,71,63,187,210,175,137,128,98,68,101,107,108,113,117,124,117,114,106,107,106,105,102,106,111,106,109,108,121,123,109,110,112,111,109,115,115,117,114,115,125,124,122,121,123,120,120,121,122,125,125,123,126,127,127,129,129,124,127,127,130,136,135,136,139,134,128,133,137,141,136,132,134,133,134,134,138,137,139,135,142,141,131,129,131,131,133,134,134,134,130,129,139,140,137,132,128,129,130,131,132,131,128,125,126,126,123,127,127,131,135,141,146,151,149,142,137,134,126,133,126,124,122,123,124,122,118,119,118,118,116,116,120,123,119,118,121,121,120,119,119,117,119,123,118,117,121,121,123,120,119,120,115,112,109,113,108,105,104,103,102,102,103,103,103,100,102,106,102,98,96,95,95,94,94,93,92,92,92,91,90,94,93,88,85,83,84,83,81,79,81,80,76,74,73,72,71,72,70,67,63,54,55,60,65,70,68,66,65,63,64,61,58,58,58,57,57,56,57,58,58,59,59,61,58,57,52,52,50,47,47,47,46,43,41,43,44,44,44,40,39
89,90,92,85,66,44,42,43,42,43,45,51,109,132,132,134,136,137,139,141,142,143,144,145,145,147,149,151,152,153,155,156,156,157,160,162,162,164,166,168,168,169,171,172,172,171,172,173,173,174,175,175,174,174,176,178,179,180,181,183,183,184,186,188,182,141,157,199,202,202,207,212,216,190,228,212,177,214,230,199,130,34,139,214,194,155,130,129,108,103,106,105,106,113,115,121,112,111,105,106,111,109,110,110,106,110,104,117,123,105,107,114,111,109,113,117,118,115,115,121,121,120,118,116,115,118,119,120,129,131,130,131,130,127,126,125,126,129,135,134,133,131,133,136,136,130,134,137,140,137,134,135,132,132,138,138,134,135,133,136,135,130,126,130,131,130,130,130,131,129,130,137,138,136,133,131,130,129,129,128,130,128,121,117,120,122,125,123,124,128,136,142,140,145,150,149,138,131,127,124,121,122,125,123,117,121,119,120,118,113,114,118,118,119,121,122,118,116,117,118,117,119,121,118,119,118,115,120,118,118,121,118,113,110,113,108,103,104,105,103,102,103,106,103,99,100,103,102,102,100,96,95,91,92,92,91,90,90,90,90,91,90,88,87,86,83,81,80,79,78,77,76,74,74,74,74,72,70,69,66,58,44,48,65,67,65,63,62,62,63,61,61,61,59,58,57,55,56,56,56,58,58,58,56,60,62,55,49,49,48,47,45,43,42,43,44,44,41,42,39
86,88,92,85,63,43,41,41,42,42,44,51,112,132,131,134,137,138,138,139,141,143,144,144,145,147,149,151,152,153,155,156,154,156,159,161,162,164,166,168,168,169,171,172,172,171,172,173,174,175,176,177,176,176,177,177,178,179,180,181,183,185,185,186,188,177,138,164,200,204,205,213,221,192,215,225,188,194,231,217,170,53,80,208,217,184,135,130,125,117,107,102,100,105,116,126,104,109,103,107,112,111,110,110,108,108,104,120,121,106,105,113,110,111,111,115,121,118,117,118,117,112,112,118,117,117,114,116,128,131,132,130,129,125,124,125,129,131,137,135,131,130,132,137,140,133,135,134,133,140,137,131,131,134,138,136,134,131,128,126,131,131,128,132,130,127,126,127,127,129,133,132,131,132,133,131,128,128,130,130,128,123,118,118,114,117,119,118,121,124,129,133,136,138,145,153,146,138,134,128,122,123,125,123,121,123,120,120,119,113,114,114,116,116,115,114,115,116,115,118,120,121,118,117,120,121,117,116,117,116,119,117,111,110,112,107,103,106,106,103,100,99,102,100,102,103,104,103,98,97,97,97,93,93,92,91,91,91,90,88,87,87,86,89,87,84,83,84,80,77,76,77,74,74,74,74,72,71,71,70,70,60,59,66,66,64,63,63,61,60,59,61,59,59,58,57,56,57,55,53,58,58,54,56,56,56,52,54,51,49,46,44,43,43,44,42,42,38,41,42
81,84,88,82,61,42,41,41,41,42,44,51,114,131,131,134,138,139,137,139,141,142,143,144,145,147,149,151,152,153,155,156,153,154,157,159,162,164,166,168,168,169,171,172,171,171,171,173,175,175,177,177,176,176,177,177,177,178,179,180,182,184,183,185,185,189,174,138,169,204,204,209,219,207,197,232,205,182,222,229,193,110,41,167,220,203,153,129,128,123,118,106,103,103,110,117,104,104,99,100,103,105,106,109,116,110,106,126,112,105,105,109,112,113,108,113,116,113,114,113,115,113,115,119,116,116,115,122,126,127,129,126,126,121,122,125,130,130,128,129,130,130,134,141,142,136,136,133,130,135,133,130,132,138,136,135,131,130,130,127,130,129,132,131,127,124,124,126,125,129,133,128,124,129,130,128,129,128,128,126,128,124,120,116,113,116,121,125,128,127,126,126,127,134,143,149,145,145,136,133,126,121,120,122,120,118,122,121,118,115,116,114,113,113,113,113,113,116,114,118,118,121,118,120,122,119,115,118,115,113,115,113,109,110,110,105,106,105,103,103,102,99,100,103,100,102,102,100,100,97,95,95,93,93,90,88,88,89,89,88,86,84,85,89,88,87,86,84,79,78,77,76,74,72,72,71,71,72,73,72,72,71,72,72,67,65,64,64,63,60,58,61,57,57,58,58,57,57,55,53,58,57,51,55,54,51,53,51,49,49,47,45,43,43,44,41,40,39,39,44
84,85,86,79,58,39,38,39,42,42,43,53,113,129,128,131,136,136,138,140,141,141,141,141,145,146,147,149,151,152,153,154,154,155,156,158,160,162,165,167,167,167,168,169,170,171,171,173,174,175,175,175,177,177,177,177,176,177,178,180,181,181,183,185,185,188,192,166,137,179,204,206,213,217,188,225,222,180,206,233,207,159,42,102,211,214,178,126,129,126,122,117,105,103,104,106,104,95,90,98,102,105,104,100,103,112,114,123,102,102,108,112,109,110,106,111,110,108,113,115,111,113,115,115,113,112,115,124,125,123,129,125,124,120,122,124,128,126,129,127,128,131,135,138,139,138,133,130,130,130,130,128,130,136,137,135,132,129,132,132,130,131,131,129,127,128,129,126,125,132,128,128,126,126,125,127,129,125,125,129,130,125,123,118,117,122,127,125,124,124,121,122,122,128,131,135,138,142,137,139,133,122,116,120,118,117,123,119,117,117,118,118,114,112,113,110,113,116,113,115,117,115,115,119,119,119,117,115,116,115,114,114,107,109,111,108,105,103,101,103,105,103,100,105,101,98,97,100,103,103,100,97,92,89,88,88,88,88,86,84,84,82,81,83,84,86,85,80,77,79,76,76,75,72,73,70,71,75,74,71,69,70,70,68,66,64,63,63,63,61,60,60,59,57,56,57,57,57,56,54,54,53,52,53,52,51,50,48,49,51,48,48,46,44,42,41,39,38,39,42
90,88,85,75,54,39,38,39,42,42,43,54,113,128,128,131,136,136,137,140,141,141,141,141,144,146,147,148,150,152,153,154,154,155,156,157,160,162,164,167,167,166,167,168,169,170,170,172,174,174,174,175,176,176,176,176,175,176,178,179,181,181,182,184,186,186,185,191,165,147,187,203,207,206,193,211,226,195,187,227,226,188,86,44,176,220,202,144,127,126,124,122,113,104,101,105,101,95,100,105,104,105,105,103,96,110,126,113,112,111,112,107,104,106,106,105,109,110,110,116,113,113,115,117,114,111,117,121,119,121,128,127,118,120,124,124,123,124,127,128,129,130,133,134,134,138,132,127,130,133,136,132,129,133,135,135,133,129,131,131,131,131,130,130,129,129,127,127,129,129,120,129,128,125,125,131,128,121,122,131,129,125,123,119,120,123,126,125,122,123,125,123,123,120,117,125,134,138,147,143,132,128,122,118,118,121,119,116,116,114,115,116,114,111,113,110,113,113,111,114,119,114,111,115,114,117,117,111,116,116,109,111,109,108,108,106,105,105,106,107,104,105,101,97,100,97,97,102,101,100,99,97,96,90,86,87,90,90,80,79,84,82,81,82,83,83,82,81,81,80,76,76,76,73,72,69,64,69,71,68,67,68,67,64,64,65,64,62,61,62,61,59,58,57,56,56,56,55,54,55,54,52,53,54,53,49,47,48,49,52,52,49,46,46,43,41,36,38,39,37
102,100,89,68,49,39,39,39,41,42,44,55,114,128,129,133,135,136,138,139,140,141,141,142,144,145,147,148,150,151,153,154,153,154,155,157,159,162,164,166,167,166,167,168,169,170,170,172,173,174,174,174,176,176,176,176,175,175,178,179,180,180,182,184,186,187,187,189,190,164,155,191,204,192,183,194,226,209,176,214,232,200,144,32,116,213,210,173,126,127,127,123,119,109,103,104,111,108,102,105,101,101,102,102,102,118,122,106,100,104,112,104,101,104,108,106,103,105,107,112,112,112,114,116,114,114,114,119,114,114,117,120,116,115,118,126,126,126,124,125,129,129,129,129,130,135,128,125,135,137,136,131,129,129,133,134,133,130,133,133,134,133,132,133,130,130,129,126,128,130,123,124,128,128,126,125,129,125,121,121,125,125,126,122,124,123,125,126,129,126,125,121,120,121,115,117,132,138,141,142,139,135,131,127,118,117,120,123,117,113,113,115,112,111,113,111,110,109,112,113,112,114,115,114,114,111,112,112,112,116,121,114,110,106,104,104,104,105,108,108,103,101,103,101,98,94,94,98,96,95,94,95,95,91,88,88,88,88,78,79,84,83,80,79,80,79,79,80,80,78,74,75,73,72,75,72,54,47,58,66,65,66,64,62,63,65,65,63,60,61,59,57,57,57,57,56,57,55,53,54,53,52,53,54,54,50,47,47,46,48,55,55,47,47,46,43,41,43,41,37
108,109,94,64,46,40,38,39,40,42,44,57,115,127,129,133,135,135,136,138,140,141,142,143,143,145,146,147,149,151,152,153,153,154,155,156,159,161,164,165,166,166,166,167,168,169,169,171,173,173,174,174,175,175,175,175,175,176,177,178,180,180,181,184,186,188,188,187,189,191,162,160,195,202,158,163,211,217,183,193,228,216,179,66,55,191,218,190,141,124,128,123,121,117,109,103,106,112,112,105,99,100,102,101,103,110,109,109,101,95,104,109,106,102,106,104,103,103,109,112,108,110,112,113,112,112,114,115,112,111,108,111,113,115,118,123,124,127,125,128,126,126,127,127,128,132,123,125,131,130,131,129,128,127,130,132,133,131,135,136,135,133,133,134,132,136,134,127,127,131,123,125,129,127,127,131,131,123,119,120,120,123,127,125,126,123,124,127,129,127,122,124,119,119,116,119,124,128,132,140,145,145,142,138,125,114,117,119,116,111,111,113,111,110,112,111,109,108,113,111,111,110,116,124,112,112,119,117,114,114,114,112,104,101,105,110,105,105,108,106,103,101,105,100,98,94,92,93,94,93,93,94,93,93,91,88,87,85,85,85,85,83,80,78,78,79,79,79,78,77,73,77,75,73,74,72,60,51,60,65,66,66,64,62,65,64,64,65,64,60,57,56,57,58,58,57,55,56,55,52,53,55,54,51,51,51,50,49,49,46,53,54,50,47,45,45,45,44,41,39
99,110,101,67,42,38,38,39,38,40,41,60,119,126,129,131,134,133,135,137,138,138,140,142,144,145,146,147,149,150,151,153,153,153,154,155,158,160,164,165,165,165,166,166,165,166,168,169,171,172,173,175,175,175,175,175,176,176,176,177,179,181,182,183,183,185,187,188,187,191,189,154,160,203,163,135,190,217,195,180,217,224,192,111,26,133,207,197,165,123,126,122,121,120,113,108,105,104,108,105,101,109,103,102,101,99,108,103,97,96,99,119,110,103,103,103,105,105,106,109,108,109,110,111,110,112,117,113,112,112,112,114,115,118,116,122,122,120,123,126,123,123,126,129,127,132,124,123,122,124,130,129,128,128,130,134,134,134,134,135,137,133,134,132,133,137,133,129,134,132,128,126,122,125,127,129,126,123,122,121,119,122,125,125,120,123,125,122,121,119,118,119,119,120,115,123,125,120,124,131,141,141,143,144,132,123,116,113,113,113,114,114,111,108,109,111,108,109,112,115,110,105,106,111,108,110,112,112,112,112,110,109,106,109,110,109,104,103,109,105,100,102,102,99,101,97,94,95,95,92,91,91,92,89,88,86,86,85,85,85,85,84,81,78,78,79,78,79,79,73,72,78,74,73,71,69,67,64,64,65,66,65,66,67,65,64,62,63,64,60,57,56,58,58,58,58,54,57,53,53,55,55,53,50,51,51,51,51,51,50,50,51,51,49,47,45,44,43,40,40
92,102,97,68,41,37,38,38,39,39,40,61,119,126,129,130,132,133,134,137,138,138,139,142,144,145,146,147,148,149,151,152,153,153,153,154,157,160,163,165,165,165,166,166,165,166,168,169,170,171,173,174,174,174,174,174,175,175,176,177,179,180,181,182,183,185,187,187,188,190,192,184,147,161,183,129,163,199,207,174,203,227,204,102,24,70,187,207,188,136,123,126,122,120,116,113,110,109,97,100,91,98,99,93,89,108,107,98,94,99,98,115,99,98,103,104,104,107,107,108,104,105,106,107,115,119,111,115,113,110,113,116,116,121,116,123,124,122,121,123,125,126,125,124,124,124,121,118,122,126,128,125,124,124,127,134,139,136,134,135,135,136,132,132,132,136,134,130,132,135,135,131,126,127,126,128,124,121,121,118,118,122,120,122,119,120,122,121,121,116,115,118,119,120,114,113,118,115,119,122,127,136,142,143,135,130,123,118,113,115,117,114,110,112,107,109,106,106,111,109,106,105,106,108,108,110,111,110,109,109,110,112,113,110,111,108,101,103,105,105,98,95,95,96,97,95,94,96,96,92,90,89,89,86,87,86,82,82,83,83,81,81,80,79,80,80,75,72,76,72,71,74,73,70,68,69,70,70,69,69,65,63,67,72,63,61,61,63,63,63,60,56,59,58,58,58,57,58,54,55,51,49,49,50,50,47,47,51,51,51,50,50,50,52,50,46,46,45,41,40
93,96,89,64,39,36,37,38,40,39,42,63,119,126,128,129,130,133,136,136,137,138,139,142,143,145,146,146,148,149,151,152,153,152,153,154,157,159,163,164,164,164,165,165,165,166,168,169,170,171,173,174,174,174,174,174,174,174,174,176,179,179,180,180,182,184,187,187,188,190,190,195,179,136,159,134,151,177,208,187,187,222,219,121,59,113,163,209,198,159,122,126,124,121,121,116,112,109,105,107,91,101,93,89,98,93,110,101,102,104,105,120,103,99,101,102,101,106,107,106,102,106,110,115,118,115,115,114,113,112,118,117,115,115,118,121,121,122,119,117,122,125,124,119,118,120,121,123,127,122,123,126,126,124,123,127,135,134,133,134,131,136,135,136,134,136,137,134,134,131,131,133,134,128,121,126,124,121,120,119,119,119,122,120,117,116,117,118,117,114,115,119,117,118,115,110,114,117,122,118,116,130,132,140,141,131,124,125,116,114,113,111,109,113,111,107,105,108,105,106,106,108,108,105,105,108,108,106,105,106,109,113,111,109,105,107,102,98,108,102,97,101,100,96,96,94,93,93,94,92,89,88,87,84,85,84,81,82,83,80,76,78,79,79,79,79,75,71,72,72,72,72,72,70,69,71,71,68,69,71,68,64,65,68,62,60,61,62,63,64,62,57,59,58,57,58,57,58,54,56,54,50,48,46,46,50,52,53,49,48,47,47,48,47,45,46,49,46,41,40
94,92,83,60,38,35,36,37,40,38,42,64,120,125,127,128,129,133,136,136,137,137,138,141,143,144,145,146,147,149,150,151,152,152,152,154,156,159,162,164,164,164,165,165,165,166,168,169,169,171,172,173,173,173,173,173,173,173,173,175,178,179,179,179,181,184,186,186,186,188,190,192,197,176,136,131,140,168,185,201,173,211,225,174,113,208,165,202,209,192,129,124,125,122,124,118,111,111,111,115,106,97,89,96,96,93,109,103,97,91,100,113,106,106,106,102,98,102,103,105,106,108,109,112,116,116,118,117,116,117,126,119,116,118,117,121,120,122,119,115,113,118,118,113,117,122,117,122,122,119,120,121,123,126,127,127,130,133,134,133,131,133,136,134,134,136,138,136,136,134,130,126,127,132,128,128,126,123,122,120,121,123,121,120,115,117,118,116,114,114,115,116,115,116,120,117,118,114,118,122,119,117,125,134,139,132,127,126,123,115,111,109,108,112,116,108,104,102,102,102,106,110,108,103,104,108,107,104,103,106,109,110,112,109,108,106,102,100,102,100,97,96,97,97,92,92,93,95,93,90,88,89,87,83,83,81,81,81,85,82,78,80,81,79,72,75,75,72,71,73,72,70,72,72,72,71,70,65,66,71,67,65,65,66,64,62,61,61,64,64,62,59,60,58,57,57,56,55,52,54,53,53,52,49,52,51,47,51,48,48,46,46,50,47,46,47,46,42,36,35
96,95,81,55,38,36,36,38,38,38,40,67,120,125,128,128,129,132,134,136,136,136,138,138,142,143,144,146,146,147,148,150,150,150,152,152,156,158,160,162,163,164,164,164,164,164,166,166,167,170,171,171,172,172,173,173,173,172,172,174,176,177,178,180,181,182,185,186,186,187,188,191,191,194,170,132,122,156,158,203,176,194,222,212,155,203,215,189,218,210,157,121,124,122,123,120,112,111,112,115,109,91,89,90,90,104,111,101,97,94,109,103,98,107,111,103,102,105,100,99,107,112,109,112,111,113,118,117,114,114,121,121,120,118,112,112,113,115,112,111,112,117,118,117,120,113,111,121,118,120,119,115,123,126,126,126,129,133,135,134,135,133,132,132,136,140,140,139,136,135,133,130,125,125,128,129,128,124,121,121,124,121,118,118,116,118,117,115,112,112,113,115,118,116,120,118,112,109,111,115,120,116,117,122,127,127,132,137,135,126,114,109,106,108,108,105,106,103,102,103,106,107,105,103,100,101,103,101,101,102,103,104,105,106,108,106,105,103,101,99,96,94,98,101,94,92,93,96,92,88,87,88,86,82,84,85,81,78,82,80,79,82,81,78,71,75,76,72,69,71,68,68,70,72,70,66,64,64,64,69,68,65,63,61,62,61,59,59,60,59,57,60,58,57,55,56,54,53,52,52,52,51,50,52,52,47,45,53,51,51,48,48,52,47,44,44,40,37,36,35
88,97,86,52,37,36,36,38,38,38,40,70,121,125,127,128,130,132,134,136,136,136,138,138,141,142,144,145,145,146,148,149,150,150,152,152,156,159,159,161,163,163,164,164,164,164,166,166,167,169,170,171,171,172,173,173,173,172,172,174,175,176,178,179,181,182,185,186,186,187,187,190,195,194,196,165,118,134,148,176,192,175,212,225,193,203,238,197,211,213,188,129,124,124,123,122,115,110,110,113,96,81,90,89,92,108,110,96,92,100,109,95,97,99,104,109,100,99,102,104,105,106,110,109,108,113,116,113,114,118,116,116,116,115,109,108,110,111,113,117,117,123,124,121,122,114,110,113,117,122,117,116,126,124,122,125,127,132,137,138,138,137,135,136,141,145,139,136,135,138,137,131,129,125,123,124,125,124,125,126,123,118,116,118,119,119,117,115,115,114,117,114,116,117,116,117,115,112,113,114,112,112,115,120,127,122,125,134,137,131,116,112,108,106,105,105,107,106,106,106,105,105,102,101,98,99,102,101,99,98,99,102,103,103,106,104,107,109,101,99,98,97,92,95,98,97,93,91,89,93,90,85,86,84,85,82,81,81,78,78,79,80,79,77,76,79,78,74,71,72,66,66,67,68,68,64,63,64,62,66,65,61,60,59,60,59,58,61,60,56,57,56,57,56,55,57,55,54,54,54,53,51,50,51,50,47,50,50,50,51,48,45,46,46,47,48,42,41,40,37
80,86,80,52,37,36,36,38,38,39,40,73,120,124,127,128,131,133,134,135,136,136,138,138,141,142,144,145,145,146,148,149,150,150,152,152,155,157,157,160,162,163,163,164,164,164,166,166,167,169,170,170,171,172,172,173,174,172,172,174,175,176,178,179,180,182,184,185,186,186,186,189,191,193,196,196,163,123,151,149,195,173,199,222,208,195,228,221,199,209,198,148,121,125,123,122,119,113,110,113,108,95,96,90,100,116,101,87,90,102,98,91,96,100,97,104,105,100,101,105,103,103,110,110,106,112,113,111,114,118,114,113,108,112,110,111,114,114,116,118,117,122,123,122,123,118,113,111,114,115,117,117,120,127,127,128,130,134,135,132,136,136,135,135,134,138,137,136,135,134,138,141,133,138,130,123,126,124,128,127,123,119,115,116,119,120,119,117,112,112,116,116,118,118,117,117,112,111,117,116,113,115,117,116,118,114,119,126,122,127,135,121,112,107,103,105,106,104,107,104,103,104,101,99,97,99,100,101,101,99,99,102,102,101,102,102,104,108,102,102,99,100,94,92,99,99,95,91,86,91,92,87,85,83,84,81,80,83,78,78,78,78,77,76,77,78,77,76,75,72,69,68,67,67,67,65,65,66,63,64,64,61,60,59,60,59,58,61,59,57,58,55,52,52,54,55,56,55,55,56,53,52,50,48,48,49,51,47,43,44,47,46,44,45,47,50,40,38,38,35
86,88,79,49,37,36,36,38,38,39,40,75,121,124,126,127,131,132,134,135,136,136,138,138,140,142,143,144,144,146,147,148,150,150,152,152,154,156,158,160,162,162,162,163,164,164,166,166,166,168,170,170,171,171,172,172,173,172,172,174,174,176,177,178,180,181,184,185,186,186,186,188,189,191,193,195,197,155,138,138,170,185,182,214,220,192,186,128,140,207,207,181,125,124,121,122,120,116,112,110,109,103,98,94,113,113,85,92,101,95,95,95,99,98,104,105,97,106,105,102,102,105,109,112,107,111,110,112,113,111,112,110,109,113,112,111,114,116,121,121,116,117,118,121,118,117,116,112,114,116,115,119,122,125,123,128,131,135,136,131,131,133,136,139,136,133,140,138,135,132,135,137,131,137,127,123,128,131,121,123,123,120,117,116,117,117,116,115,113,113,110,117,118,115,117,115,112,110,115,113,113,115,112,106,112,115,117,117,118,130,139,128,116,113,106,100,107,112,98,100,103,104,101,100,99,101,100,101,104,103,101,99,99,98,101,102,104,102,101,99,96,100,103,95,95,96,97,97,87,86,89,92,83,78,80,80,79,81,82,79,77,76,75,76,74,79,80,75,73,68,73,70,65,66,67,66,68,69,65,64,63,61,61,60,61,61,60,59,58,61,58,58,52,51,55,55,53,53,54,55,55,53,50,46,48,51,48,47,46,43,45,46,43,40,39,42,39,37,37,37
85,88,79,48,33,34,36,37,37,38,40,76,122,125,125,126,127,129,132,134,136,137,138,139,140,142,143,143,144,144,146,146,147,148,149,151,152,153,156,158,159,160,161,163,164,165,165,165,167,168,169,170,170,170,172,172,173,173,173,173,173,174,175,177,178,178,180,182,184,186,185,187,189,190,192,193,196,181,131,136,140,183,172,205,223,201,167,41,66,195,209,194,146,122,118,120,119,118,113,108,108,107,97,90,116,103,89,94,91,94,101,98,96,98,104,103,98,97,104,108,103,103,104,103,104,104,107,113,112,111,111,110,113,110,108,111,111,113,118,119,115,117,117,114,115,113,114,111,115,120,114,117,119,120,121,122,129,131,130,130,131,135,136,136,137,137,141,137,135,136,132,126,129,131,125,124,128,130,123,126,126,119,114,114,115,115,118,113,114,111,108,115,115,112,112,112,110,106,113,116,113,112,110,107,110,114,109,116,125,124,130,131,127,123,112,105,108,109,100,97,102,110,103,102,104,102,99,101,103,102,99,96,95,92,98,99,104,104,105,103,101,100,100,92,89,91,90,92,90,87,85,87,85,81,79,83,82,81,84,81,77,76,76,77,74,76,75,73,69,69,70,66,62,66,67,68,67,68,67,63,61,62,61,59,60,61,61,59,56,59,57,58,55,55,56,56,55,56,55,54,54,53,52,52,52,51,51,48,44,45,45,44,41,39,39,38,37,36,36,37
73,80,75,43,33,34,36,36,38,38,41,79,122,125,125,126,127,129,131,134,135,137,138,139,139,141,143,143,144,144,146,146,146,147,149,150,151,153,155,157,158,159,161,162,164,164,165,165,166,168,169,170,170,170,172,172,173,173,173,173,172,173,175,176,178,178,179,182,185,186,185,187,189,190,191,192,194,191,146,132,127,163,177,188,219,211,182,85,33,146,214,188,173,118,121,119,119,119,114,109,111,109,101,92,111,92,86,86,90,95,97,99,103,104,106,106,100,101,98,99,106,104,100,99,104,104,109,112,107,110,110,108,109,110,111,113,111,113,117,122,114,117,119,117,118,116,111,111,113,117,113,115,117,116,117,121,126,129,130,130,131,134,134,134,133,132,136,134,133,139,136,126,127,125,127,123,124,124,125,129,128,121,114,112,115,117,113,110,113,111,111,117,111,114,117,113,110,110,112,113,109,108,108,108,109,111,111,109,115,118,121,125,128,128,121,114,110,103,107,102,102,102,102,98,101,103,103,104,103,102,100,97,96,95,97,94,105,108,103,105,106,99,97,94,95,94,94,95,94,91,84,87,84,81,81,86,84,78,80,83,81,78,75,75,74,71,71,72,72,72,71,67,64,67,65,65,65,66,66,62,60,61,61,59,59,59,58,57,54,54,58,56,55,54,54,56,57,57,54,50,51,50,50,51,51,50,51,51,44,45,45,44,43,42,40,36,36,37,36,33
85,79,65,41,33,34,36,36,37,39,42,84,123,125,125,125,127,129,131,133,135,136,138,139,139,141,142,142,144,144,146,146,146,147,149,150,151,153,155,157,158,159,161,162,163,164,164,165,166,167,169,170,170,170,172,172,171,171,171,171,172,173,175,176,177,178,179,182,184,185,185,185,188,189,190,191,192,197,168,130,137,137,172,179,211,218,192,144,32,85,197,200,183,134,117,121,119,119,116,112,110,111,109,100,102,91,94,97,97,95,94,98,100,100,99,100,99,99,99,94,97,106,106,99,100,103,111,109,103,108,108,109,111,110,107,108,114,116,111,116,114,117,117,114,119,118,114,113,117,119,118,117,117,115,115,118,124,126,129,130,134,129,130,136,130,135,139,130,131,132,131,129,129,125,126,124,126,135,127,125,124,119,116,118,117,117,113,111,113,110,110,112,108,116,121,114,114,121,119,116,114,110,107,107,109,110,115,109,109,111,114,120,123,131,129,115,114,110,103,101,98,97,104,101,97,99,100,101,103,100,98,96,95,98,94,91,92,95,94,99,100,99,102,101,96,93,94,93,91,87,85,84,87,84,80,81,82,80,80,82,85,78,74,78,74,73,72,72,72,71,72,70,67,69,65,63,64,66,67,63,59,60,60,60,59,59,58,56,56,57,57,55,53,52,52,55,57,57,55,53,51,50,49,49,48,46,48,49,45,45,44,43,44,42,39,37,38,39,38,34
97,87,60,37,34,34,36,36,37,40,42,87,123,125,125,125,126,128,131,133,134,136,137,138,138,140,142,142,144,144,146,146,146,147,148,149,150,152,155,156,158,159,160,161,163,163,163,164,165,167,168,169,170,170,172,172,171,171,171,171,171,173,174,175,177,177,178,181,184,185,184,185,187,188,189,191,193,197,187,135,138,128,156,174,197,221,205,177,64,35,160,210,195,163,122,119,119,119,118,114,109,110,109,97,99,86,79,91,103,94,95,95,95,100,101,100,99,100,96,95,97,104,112,105,98,95,105,104,101,105,105,109,113,110,107,110,117,122,116,120,117,118,118,113,115,121,116,116,115,115,116,115,114,116,120,121,124,125,128,127,129,130,135,137,131,130,132,127,129,132,132,131,133,131,125,125,126,131,128,126,122,115,117,125,119,115,117,115,113,111,110,110,108,117,121,114,110,121,118,113,112,112,111,109,110,110,111,109,105,101,107,112,115,121,127,123,117,115,108,103,99,103,105,102,99,96,95,97,100,97,95,93,93,97,93,94,90,89,94,97,99,98,99,96,93,87,90,87,89,92,87,86,88,86,81,80,80,81,81,80,80,80,79,77,73,73,73,72,72,69,69,68,67,69,66,65,62,65,66,63,59,59,59,60,59,60,60,59,58,55,62,58,52,52,53,52,55,57,56,52,49,50,52,54,49,44,46,48,45,45,44,43,42,38,37,39,36,36,35,36
97,92,58,33,33,33,35,35,38,38,42,90,121,124,125,126,127,128,130,131,134,135,136,138,139,140,141,142,142,143,144,146,146,147,148,150,151,151,153,155,156,157,159,160,160,161,163,164,164,165,165,165,168,169,170,171,171,171,171,171,172,173,174,175,176,177,178,179,181,182,183,185,185,186,189,190,191,194,195,150,133,134,141,169,181,217,221,187,122,24,102,210,206,182,131,119,121,120,118,117,112,109,110,105,101,105,84,86,96,100,97,97,95,96,99,102,101,104,98,96,98,104,107,114,106,99,102,102,100,104,109,111,110,113,111,112,112,117,120,117,113,113,119,118,115,112,112,114,115,114,113,114,115,115,119,120,124,129,130,129,128,132,133,131,129,128,128,128,132,129,135,135,130,125,120,121,122,123,125,125,122,117,120,126,116,112,117,116,111,116,115,112,109,115,118,113,109,109,107,108,109,110,108,107,108,110,107,103,105,104,103,108,106,110,122,127,123,122,116,107,99,104,101,102,100,98,96,99,97,94,92,95,92,93,98,99,87,90,95,93,100,96,92,93,92,89,88,86,90,94,88,85,87,85,82,80,76,72,78,79,79,80,78,72,67,68,70,72,72,68,68,69,68,65,67,66,61,63,63,61,59,58,59,60,56,56,57,59,56,54,58,57,56,56,53,50,52,54,53,51,54,53,53,53,49,44,46,47,46,46,48,47,41,39,35,36,35,32,31,29
84,86,57,32,33,33,35,35,37,38,43,93,122,123,124,126,127,128,130,131,133,134,136,137,138,139,140,141,141,142,144,145,145,147,148,149,151,151,152,155,156,157,159,160,160,161,163,164,164,164,164,165,167,169,170,171,171,171,171,171,172,173,174,175,176,177,178,179,180,181,183,184,185,186,189,190,191,193,195,173,125,140,132,156,172,204,224,197,164,54,53,177,209,190,156,120,122,120,118,117,112,110,110,107,103,103,87,84,85,103,96,97,97,103,106,123,99,103,101,96,99,103,103,109,112,104,105,104,100,106,111,110,105,107,115,109,108,118,121,116,113,113,114,115,117,113,114,115,116,116,115,117,114,114,112,119,125,126,130,131,131,132,131,129,130,129,128,126,128,127,126,130,129,126,123,125,124,120,125,120,119,122,125,123,117,119,120,115,118,115,116,113,111,114,114,112,115,110,110,108,106,107,106,106,112,112,109,106,104,107,105,100,99,107,116,121,119,124,125,118,104,102,101,102,102,99,95,98,98,95,95,100,96,91,94,91,93,88,88,90,91,95,93,87,87,88,87,86,88,90,87,85,87,84,82,82,81,79,84,83,81,79,75,69,66,69,71,73,71,69,69,68,67,67,65,66,66,63,61,61,60,58,59,60,57,56,59,60,58,55,57,56,56,55,52,51,50,52,53,52,53,53,52,50,48,57,53,47,46,47,44,45,43,41,35,35,36,34,33,31
81,78,51,33,33,33,35,35,37,38,45,96,123,122,123,125,127,128,130,131,133,134,136,137,137,138,139,140,141,142,144,145,145,146,148,149,150,151,152,155,156,157,159,160,160,161,163,164,163,163,164,165,167,168,170,171,171,171,171,171,171,173,174,174,175,177,178,178,180,181,183,184,184,186,187,190,192,192,194,193,132,143,133,142,165,194,218,213,184,101,31,118,204,193,177,126,119,120,118,117,113,111,108,109,113,113,92,85,81,105,95,91,95,103,96,102,98,96,98,100,98,101,99,105,114,100,100,104,104,106,106,104,103,108,110,116,113,114,112,110,115,113,110,111,118,116,119,122,115,116,116,116,116,117,113,117,122,125,127,130,133,132,130,130,129,129,128,124,123,124,121,122,123,125,124,123,125,120,124,122,123,123,125,125,122,126,124,119,118,117,116,121,118,115,114,113,115,114,114,107,103,106,108,110,113,112,107,106,101,104,105,98,96,97,109,111,115,123,127,126,118,109,107,101,98,97,95,100,98,95,94,95,95,93,89,88,88,84,84,91,91,88,87,87,83,83,84,85,84,84,82,81,85,84,80,79,82,80,83,79,77,80,80,72,74,74,72,71,70,68,69,68,66,65,63,66,67,62,59,60,60,59,58,60,61,58,56,56,55,55,57,55,54,54,52,52,52,51,50,49,50,50,49,49,49,53,50,50,47,44,45,41,40,39,37,38,33,31,32,31
85,78,49,31,33,33,35,35,37,38,45,99,123,122,122,125,127,128,130,131,132,134,135,136,136,137,138,139,140,142,143,144,144,146,147,148,150,150,151,154,156,157,159,160,160,161,163,164,163,163,163,164,166,168,169,170,171,171,171,171,171,172,173,174,175,176,177,178,179,181,182,183,184,185,188,189,191,192,194,195,158,132,144,133,162,177,213,221,193,153,42,66,185,205,190,153,118,120,119,116,113,111,108,110,112,112,101,87,80,104,93,88,93,97,97,95,93,91,97,96,93,96,94,100,114,99,97,101,101,101,102,104,105,113,107,101,105,111,109,105,107,110,109,116,120,115,115,115,112,115,115,114,114,114,113,109,115,127,122,126,130,126,125,127,124,125,125,123,122,122,121,120,121,118,116,120,125,122,122,124,125,126,126,122,124,128,123,124,123,118,118,122,120,114,112,115,118,114,107,107,108,109,106,105,106,107,105,105,102,97,103,103,98,96,102,108,116,119,122,123,122,115,117,107,97,94,91,95,91,88,90,93,94,91,93,89,87,89,88,88,89,84,81,84,85,82,82,85,85,83,80,78,79,82,80,76,82,77,77,73,76,79,78,72,73,73,72,71,71,67,66,69,70,63,66,68,65,61,59,59,60,59,58,58,57,56,54,54,53,52,54,50,51,54,53,51,49,49,49,50,50,50,49,49,50,46,47,48,44,44,42,42,44,44,40,40,31,30,32,31
86,76,45,32,33,34,35,34,36,38,46,100,125,122,123,126,126,127,129,131,131,133,134,135,136,136,137,138,140,141,142,144,145,146,147,148,148,149,150,151,154,157,158,158,160,161,163,164,163,162,162,163,165,166,167,168,171,171,171,171,171,172,172,172,175,176,176,176,178,179,181,182,182,183,184,186,188,191,192,194,185,143,148,169,189,169,200,221,207,179,82,35,145,211,196,184,122,118,116,115,114,113,109,107,107,106,96,91,87,104,82,86,97,99,97,96,88,91,96,93,95,95,94,94,116,103,98,100,100,105,105,102,101,109,111,101,102,109,109,108,106,109,107,111,115,109,117,113,111,110,113,110,109,115,113,107,107,115,121,121,121,118,122,124,122,121,121,121,123,118,116,117,120,116,115,121,123,122,122,124,126,129,125,125,125,133,131,127,121,116,118,119,111,105,110,114,109,116,110,104,103,103,101,104,106,107,108,108,105,102,99,102,98,97,96,97,109,115,115,118,122,120,114,113,106,98,94,93,92,96,92,90,88,90,92,90,89,92,89,84,85,86,83,83,84,81,82,84,82,80,81,78,78,78,80,79,83,74,78,76,73,74,76,72,71,72,73,73,72,70,67,66,63,63,65,65,63,58,59,61,64,62,56,53,54,55,55,55,54,52,52,52,51,51,51,50,48,48,49,52,51,48,48,47,47,47,45,45,43,45,44,42,43,44,41,38,33,33,33,31
88,73,42,32,33,33,34,34,35,38,47,102,125,122,123,125,126,127,128,129,131,132,133,135,135,136,137,138,139,140,142,143,144,145,146,147,148,148,149,151,153,156,157,158,159,160,162,163,163,162,162,163,165,165,166,168,171,171,171,171,171,171,171,172,175,175,176,176,175,176,178,179,181,183,184,185,187,190,192,191,196,189,170,212,208,173,184,219,221,185,134,31,84,195,204,201,149,115,115,115,114,113,110,106,106,109,93,86,103,88,80,89,100,100,97,95,90,93,96,97,97,93,96,97,114,100,101,100,100,103,104,99,103,108,105,101,105,107,111,107,110,111,111,113,111,112,108,112,117,105,113,114,111,116,114,110,110,110,118,124,122,118,121,121,119,119,119,120,119,116,115,118,119,117,116,119,119,124,126,124,125,128,126,125,125,130,130,126,124,122,116,115,112,106,108,109,107,112,113,108,103,100,99,102,106,107,107,105,104,113,105,101,100,98,99,93,98,106,111,115,122,124,115,114,111,100,95,95,92,91,93,91,89,90,91,93,87,87,87,86,84,84,87,84,83,78,78,82,82,83,81,77,80,81,77,79,82,78,79,74,73,77,75,75,77,74,74,74,73,70,74,62,59,65,64,67,64,60,61,63,63,62,59,55,54,54,55,56,55,53,53,53,50,50,49,49,48,46,47,48,47,45,46,47,49,48,46,45,42,42,42,41,40,38,36,37,38,36,34,31
90,70,38,31,32,32,33,33,35,38,48,103,124,123,123,125,126,126,127,127,129,131,132,133,133,135,137,138,139,140,142,143,143,144,145,146,147,149,150,150,153,156,157,157,157,158,160,161,161,161,162,163,165,166,167,167,169,169,169,169,170,171,171,172,174,175,175,175,175,176,178,179,181,182,183,185,187,190,191,192,193,201,195,211,216,187,173,210,221,197,171,62,42,155,209,194,180,119,116,115,114,113,111,109,108,108,102,84,98,85,84,83,101,98,90,91,92,95,97,98,96,91,94,102,112,94,97,100,102,107,100,102,106,108,104,104,106,108,110,103,107,112,115,111,111,112,105,107,114,111,112,111,112,116,113,110,109,113,119,120,121,119,120,118,117,118,120,121,118,115,116,120,122,120,117,120,122,121,123,127,127,128,130,126,125,125,130,130,126,120,116,112,112,109,110,114,112,109,121,118,107,107,109,104,107,105,106,104,102,104,107,101,97,96,97,95,96,99,101,108,114,113,118,116,112,108,103,98,96,94,87,87,88,93,94,90,85,86,88,88,87,82,83,81,80,76,75,78,82,88,78,77,80,81,77,78,76,77,79,79,76,80,79,80,76,75,78,80,71,72,69,62,62,66,67,68,63,60,61,63,60,61,61,59,56,56,57,57,55,52,53,55,51,51,50,50,49,46,45,47,46,44,45,46,47,47,44,43,44,41,39,40,42,45,44,39,36,39,36,24
91,67,34,31,32,31,32,33,34,37,49,104,123,123,123,123,125,126,126,126,129,130,131,133,133,134,137,138,138,140,141,142,142,143,144,145,147,148,149,150,153,155,157,157,156,157,159,160,160,160,161,163,164,165,166,167,169,169,169,169,170,170,171,171,174,174,175,175,176,177,179,180,180,182,183,184,187,189,191,191,193,199,199,206,218,204,170,196,221,218,184,116,29,101,199,201,198,138,116,116,114,113,111,109,106,107,108,94,81,84,87,87,92,97,93,88,91,96,95,94,96,96,94,109,104,96,96,96,99,103,100,102,102,103,106,105,109,109,104,105,108,105,110,111,111,107,114,115,111,108,112,106,115,111,107,111,109,113,121,125,119,117,119,118,114,115,117,120,120,117,118,120,120,114,112,118,121,121,123,127,123,124,128,122,123,122,132,134,130,126,118,118,119,112,110,114,114,108,108,111,108,102,106,105,109,104,105,106,112,102,101,101,101,100,92,96,97,97,96,99,102,100,106,109,113,117,115,107,95,94,89,88,89,90,89,88,86,91,91,88,83,78,77,82,82,79,78,79,79,79,78,77,79,78,80,78,76,77,77,79,75,75,78,77,75,75,77,77,73,72,66,65,65,64,69,66,60,59,61,62,57,58,57,57,59,59,58,57,54,50,51,55,51,50,49,49,45,43,43,46,46,44,43,42,41,43,42,43,48,42,38,39,41,40,38,35,29,31,33,31
97,66,32,31,34,33,33,35,35,37,51,110,121,122,123,122,123,123,124,127,129,130,131,133,134,135,136,137,138,139,140,142,142,142,144,144,144,145,147,150,152,153,156,157,157,157,158,159,160,160,161,162,164,165,165,165,168,168,168,168,169,170,170,170,172,173,174,175,175,175,177,179,181,181,182,183,186,188,189,190,193,198,205,200,215,212,179,177,216,224,193,161,45,52,172,205,205,177,117,115,115,113,111,109,106,106,107,104,83,80,75,88,97,87,87,91,89,92,95,91,95,94,97,108,96,93,100,100,103,104,104,107,102,102,100,102,107,105,101,103,103,102,106,110,108,107,106,111,112,114,113,111,115,110,107,111,109,114,113,116,119,117,111,112,114,112,116,116,116,117,118,118,119,114,115,115,117,121,119,125,125,124,126,121,124,124,127,128,136,128,117,115,118,116,110,111,125,117,106,107,108,102,105,106,104,103,103,105,106,104,102,98,99,99,92,94,98,98,98,94,94,100,104,107,112,119,116,109,102,97,94,92,93,89,90,93,88,91,89,87,84,82,82,83,82,80,81,81,78,79,80,76,74,74,75,76,79,79,75,77,74,73,74,75,76,75,72,71,68,69,68,65,65,65,67,64,60,61,62,60,59,57,55,55,59,59,59,58,55,51,50,53,52,50,47,47,46,42,41,42,48,42,41,41,41,42,42,42,47,45,41,40,39,39,37,35,34,32,36,33
91,62,31,31,33,33,33,32,36,36,53,112,120,120,121,121,123,123,124,127,128,130,131,132,133,135,136,137,137,138,139,141,142,143,143,143,144,145,147,149,151,152,155,156,156,157,158,159,160,160,160,161,164,164,164,165,168,168,168,168,168,169,170,170,172,173,174,175,175,175,176,179,181,180,181,183,184,187,188,189,192,193,205,201,213,217,194,168,204,223,204,181,91,27,115,195,204,199,131,116,114,113,111,109,107,106,108,107,90,71,79,82,99,85,85,93,93,97,93,90,92,91,101,98,92,97,95,101,107,105,106,106,101,102,99,101,103,105,104,101,100,105,107,103,104,112,111,107,112,121,116,108,113,117,116,114,116,117,111,108,120,122,113,116,118,114,115,115,114,115,117,118,119,120,116,117,119,117,115,115,117,120,124,124,126,124,119,123,126,122,114,113,113,114,109,107,119,113,106,105,109,104,103,109,104,103,101,99,103,106,106,101,99,96,97,96,95,99,96,95,95,97,101,103,108,111,119,116,115,105,96,92,90,88,87,88,84,85,84,84,85,86,87,85,83,81,79,79,79,79,77,71,71,71,71,77,76,75,73,74,76,78,78,77,75,76,72,69,66,67,69,66,66,62,61,63,69,64,59,59,56,56,54,52,56,56,55,54,54,53,53,53,52,50,47,48,50,47,43,42,45,44,43,42,41,40,38,38,42,41,40,39,39,38,38,37,34,36,37,31
75,67,44,33,33,32,32,33,35,35,56,114,120,120,121,121,123,123,124,127,128,129,131,132,133,134,136,137,137,139,140,141,141,141,141,142,144,145,146,148,150,151,154,155,155,156,158,159,160,159,160,161,163,164,164,164,166,166,166,166,168,169,169,170,171,173,174,174,174,175,176,179,180,180,181,182,185,187,188,188,190,191,201,201,201,217,205,174,186,217,222,182,146,36,65,173,209,206,163,114,114,113,111,109,108,107,108,108,104,78,73,89,92,88,87,90,91,92,89,91,92,98,97,91,96,95,97,96,100,103,106,106,103,102,98,102,104,102,104,106,105,106,108,107,103,103,108,108,106,112,109,110,114,119,119,117,123,118,112,110,111,112,116,117,117,114,110,112,115,115,116,118,124,120,115,120,123,121,119,115,113,119,117,124,118,115,119,119,120,124,117,123,119,111,108,111,113,100,109,108,110,108,105,107,99,100,100,100,99,103,105,101,97,94,97,95,94,94,93,97,89,91,95,98,100,102,114,117,120,108,100,96,93,88,85,85,86,93,94,87,87,84,84,82,78,78,80,78,76,77,77,73,74,72,71,75,73,71,75,77,78,79,78,77,75,75,72,68,66,64,68,68,66,63,62,60,64,65,62,60,56,56,55,53,53,54,54,55,56,54,55,54,52,50,47,48,49,46,44,44,43,43,41,42,39,39,41,41,39,38,37,37,37,36,36,36,37,34,33,34
70,94,86,64,46,37,32,33,36,35,59,116,121,121,123,123,123,123,124,126,128,129,130,131,132,134,135,136,136,138,139,141,141,141,141,141,144,145,146,146,149,150,153,154,154,155,158,159,159,159,159,161,163,163,164,164,166,166,166,166,168,168,168,169,171,172,173,174,174,174,175,178,179,179,180,182,184,186,188,188,187,192,195,205,200,211,216,186,173,209,222,196,176,74,33,138,206,199,192,128,113,114,111,109,108,107,108,106,108,92,72,95,89,91,88,93,91,86,92,99,99,101,93,90,97,98,101,99,101,103,102,103,103,101,97,101,102,104,108,106,105,108,110,110,107,99,101,102,105,113,109,111,115,121,120,116,117,114,113,112,112,115,114,114,113,114,110,115,117,114,114,116,117,116,121,119,118,122,117,120,121,120,120,121,111,114,114,114,111,113,118,120,113,107,106,103,111,111,108,107,114,103,106,110,102,99,98,98,98,99,103,101,96,95,94,94,94,96,100,95,89,93,93,89,91,96,103,110,116,106,99,98,100,93,86,89,90,90,90,89,91,84,80,80,81,81,81,78,77,78,79,74,70,71,72,74,76,72,75,75,77,76,76,76,71,70,68,67,68,64,68,66,61,64,69,69,63,59,59,62,61,58,57,57,56,55,56,57,54,49,52,52,52,50,47,47,45,44,46,48,46,43,40,43,44,43,43,43,40,39,38,37,36,38,38,36,35,35,33,32
80,108,104,99,87,65,45,34,33,36,59,114,120,120,122,123,123,124,126,127,127,127,129,131,131,132,133,135,136,137,138,140,140,141,141,141,142,143,143,144,148,149,152,153,154,155,156,158,159,159,159,160,161,162,163,165,166,166,166,166,165,166,168,169,170,171,171,171,173,173,175,177,177,178,179,180,181,182,185,187,188,189,192,201,199,209,217,198,167,193,217,212,181,126,29,82,187,200,205,152,111,116,112,113,110,110,108,106,107,101,82,96,87,88,88,90,89,76,84,98,98,96,94,94,95,95,97,100,100,102,100,99,99,101,101,100,96,100,101,99,105,105,101,100,106,103,103,103,108,110,107,107,106,115,121,118,115,109,112,111,113,116,112,113,115,113,116,120,117,110,116,114,112,107,132,129,115,118,113,116,122,119,119,119,110,115,118,116,113,111,112,111,108,107,108,106,108,110,105,105,107,106,104,105,104,102,103,102,103,102,102,102,99,97,98,95,92,98,97,92,97,99,94,86,85,89,96,99,111,112,109,108,101,100,93,90,90,87,87,90,89,85,81,80,82,82,80,79,76,75,75,71,68,73,75,74,71,69,70,72,75,74,73,70,67,66,66,67,68,66,65,64,63,66,71,74,64,59,59,58,62,61,59,59,54,52,55,52,49,47,48,50,50,50,51,48,44,45,46,46,47,46,48,44,44,42,41,40,38,39,40,39,37,36,37,36,31,31,31,30
90,110,105,106,106,100,85,64,46,42,58,108,119,118,121,123,123,124,126,127,127,127,128,130,130,131,133,134,135,137,138,139,139,140,141,141,142,143,143,144,147,150,151,153,153,154,156,157,158,159,159,159,160,161,163,164,166,166,166,166,165,166,168,169,170,170,170,171,173,173,174,176,176,177,179,180,180,182,184,186,187,188,190,196,204,202,216,207,178,175,216,220,191,169,56,46,149,210,207,184,120,115,111,113,111,111,108,105,106,102,98,90,85,85,89,85,85,82,94,94,90,96,88,92,95,93,96,98,98,100,103,98,98,102,100,96,95,97,101,104,108,107,105,102,104,106,112,115,111,109,106,103,101,108,115,116,111,114,114,112,110,109,108,112,111,115,118,110,116,117,115,117,114,112,115,115,114,123,118,112,119,117,112,112,110,118,115,116,112,110,109,109,108,104,109,107,105,101,104,104,105,106,106,107,106,103,103,100,104,105,97,96,100,97,98,95,93,95,92,92,97,94,88,87,90,89,91,102,107,107,109,111,102,97,100,99,88,86,85,84,86,87,81,79,83,82,78,78,80,79,71,69,70,73,74,72,71,69,68,69,70,75,68,66,69,68,67,65,68,66,64,65,64,65,67,69,63,66,67,62,62,62,59,55,49,52,51,50,53,50,49,50,49,49,50,47,41,41,42,40,44,52,51,47,44,38,37,38,38,41,41,38,41,34,34,35,30,28,28,26
95,111,104,107,108,108,106,100,83,72,74,104,115,117,120,122,123,124,126,127,126,126,129,130,130,131,133,134,135,136,138,139,139,140,140,141,142,143,143,144,147,149,151,152,152,152,153,156,157,157,157,158,160,161,163,164,164,164,164,164,165,166,168,169,169,170,170,171,172,173,175,176,176,177,179,180,180,182,184,186,187,188,190,194,204,198,211,214,189,168,204,220,211,180,106,32,104,198,204,203,147,112,114,111,111,111,109,106,107,103,104,80,77,80,86,87,90,96,89,84,88,92,93,95,97,99,95,99,96,92,97,100,97,100,101,100,100,99,100,104,109,108,108,105,110,110,110,109,108,104,109,106,103,106,109,112,114,116,113,110,108,106,108,111,109,123,124,109,113,106,108,113,110,112,116,116,116,120,115,114,116,119,109,112,113,117,108,110,110,110,110,110,107,111,109,102,102,106,111,106,104,102,102,108,108,105,104,100,99,102,98,99,102,97,98,97,97,97,94,93,95,90,88,88,87,85,90,94,97,103,102,111,115,102,99,101,90,87,84,82,85,90,82,81,82,81,78,77,81,78,70,69,71,74,72,69,71,69,67,66,68,74,72,74,75,73,68,63,67,65,63,63,64,63,65,66,63,62,63,66,65,61,56,52,50,52,51,50,53,51,49,51,49,47,47,46,44,44,43,41,43,45,43,46,42,38,38,38,38,40,39,36,39,42,40,33,31,30,31,29
99,109,101,108,109,108,108,108,104,97,91,106,113,115,119,122,123,124,126,127,126,126,127,129,130,131,132,133,134,136,137,138,139,139,139,140,142,143,143,144,147,148,151,152,151,151,152,155,156,157,157,158,159,161,162,163,164,164,164,164,165,166,168,169,169,169,169,170,172,172,173,175,176,177,178,179,179,181,184,185,185,187,189,191,200,199,205,215,199,171,185,219,223,183,154,43,60,169,207,203,178,116,113,113,112,112,109,106,105,104,101,85,83,86,87,93,90,86,85,89,89,91,94,98,99,99,96,99,96,96,95,97,98,97,96,98,105,103,99,99,104,104,107,104,107,110,111,108,105,107,103,107,110,109,112,116,112,107,111,110,108,109,110,109,107,116,110,110,114,110,114,111,115,118,114,115,117,118,113,114,114,115,118,116,113,115,109,108,106,108,111,110,105,103,107,107,103,107,107,108,106,102,100,109,110,107,106,103,98,96,97,99,102,97,98,99,100,99,95,92,92,93,93,90,86,84,82,90,90,94,96,96,103,108,104,103,95,89,84,83,84,89,80,82,81,80,78,78,76,72,72,71,72,73,71,68,70,68,66,66,67,66,69,71,72,72,67,64,67,65,63,63,64,64,65,66,61,59,58,62,64,57,53,55,54,51,55,53,51,49,48,51,54,51,48,46,48,49,46,44,42,41,42,40,40,41,42,39,43,40,38,37,36,43,38,33,31,30,31,31
99,104,102,106,107,108,108,107,106,107,106,108,113,115,118,121,122,123,124,125,126,126,128,129,130,130,131,132,133,134,135,136,136,137,137,138,141,142,143,145,145,146,149,150,151,152,153,154,156,156,158,158,158,158,159,159,161,162,163,164,164,164,165,166,166,167,168,170,171,171,171,171,174,175,176,178,178,179,180,182,183,185,188,190,195,202,200,215,208,179,171,213,223,196,176,85,32,114,193,201,202,137,111,113,113,112,110,110,103,103,102,97,85,91,95,85,87,86,86,86,89,91,89,96,93,92,95,96,97,96,96,96,97,95,99,93,98,103,99,98,102,102,103,100,102,110,109,106,108,104,105,109,110,118,110,113,112,109,107,106,108,115,112,105,99,106,106,106,109,112,110,104,109,115,113,113,115,116,111,114,114,117,119,111,112,112,109,105,106,107,106,103,109,104,109,110,106,105,104,104,103,107,106,107,107,105,100,98,98,97,93,97,97,96,101,104,99,97,91,92,94,94,93,91,90,87,83,84,82,86,96,97,103,111,103,101,104,104,91,83,80,81,81,82,80,80,75,75,72,72,73,74,71,69,69,68,70,68,69,68,65,64,66,70,67,63,62,62,66,63,61,62,60,64,67,66,60,56,60,70,66,59,57,57,53,51,56,55,53,51,50,50,49,53,49,45,47,49,45,41,42,43,40,36,36,40,42,38,40,40,40,35,34,38,30,33,31,29,31,30
101,103,104,106,107,108,108,106,107,109,109,111,114,114,117,120,122,123,124,125,125,125,126,128,129,130,130,132,132,133,135,136,136,137,137,138,140,141,143,144,145,147,148,150,151,152,153,154,155,156,157,158,158,158,158,159,160,161,164,164,163,163,165,165,165,166,168,169,171,171,171,171,173,175,176,177,177,178,180,181,182,184,187,189,192,203,198,209,214,192,166,196,217,216,179,138,32,68,174,203,208,170,113,113,114,111,110,110,106,104,105,106,96,92,85,81,85,83,81,85,87,84,90,94,89,90,94,92,92,95,99,99,100,109,101,100,98,102,104,99,105,101,99,97,115,112,102,106,104,105,107,107,115,118,105,105,114,111,101,101,107,113,108,104,104,100,104,110,112,111,107,108,109,116,114,112,112,113,112,114,115,116,111,112,109,108,107,109,112,110,104,103,107,108,106,107,109,106,104,103,105,105,106,105,103,103,99,100,100,98,98,105,98,99,102,102,97,97,96,96,96,96,93,90,89,86,82,81,84,84,90,92,95,105,102,99,105,102,97,87,84,81,78,75,75,80,80,80,73,74,75,77,74,71,70,68,70,69,70,68,65,65,66,68,64,65,66,62,58,60,62,62,58,63,66,65,60,55,59,68,62,61,60,54,55,57,53,53,57,55,53,52,48,48,47,48,44,44,45,40,42,44,40,36,37,38,39,37,35,33,35,37,33,32,30,30,32,35,35,29
104,102,105,106,107,108,107,106,108,110,111,113,115,115,116,117,121,122,123,123,124,123,124,126,128,130,131,131,132,133,135,136,136,137,137,138,140,141,143,144,144,146,148,149,151,152,153,153,154,155,156,157,157,158,158,159,160,161,163,164,163,163,165,165,165,166,168,169,169,169,169,169,173,174,176,177,177,178,180,181,181,183,186,188,190,198,199,201,215,206,172,178,215,219,191,170,64,33,143,213,209,193,126,111,114,111,110,110,108,104,103,106,106,90,80,87,84,81,81,83,85,83,94,94,88,86,93,89,89,97,102,98,102,106,98,102,101,96,100,101,99,100,101,97,108,103,108,112,105,102,102,110,115,105,104,105,105,107,107,101,101,103,99,98,103,108,106,113,113,108,104,109,108,108,109,111,111,112,115,112,117,121,114,115,112,108,107,111,112,105,105,105,107,102,103,112,112,104,101,106,107,109,103,106,103,98,104,99,98,96,99,102,106,102,100,104,101,98,101,98,96,96,93,91,89,88,85,82,81,81,84,86,89,98,99,99,102,103,103,93,85,78,75,78,77,80,79,79,78,76,75,74,77,72,69,66,68,70,69,67,65,66,66,65,66,67,66,64,59,58,69,62,58,59,60,62,60,57,58,62,61,58,58,57,53,55,52,53,57,55,52,51,48,52,53,46,43,43,45,40,42,45,42,39,39,38,37,40,38,32,32,34,33,31,31,29,34,37,35,28
106,102,106,107,106,107,107,106,107,109,111,113,115,115,115,116,118,119,120,121,122,122,123,125,128,129,130,130,131,133,134,135,136,137,137,138,139,141,142,143,144,145,148,149,150,151,152,153,153,154,155,156,157,157,157,158,159,161,162,163,162,163,164,164,165,166,167,168,169,169,169,169,172,174,175,176,176,178,179,180,181,183,186,187,190,193,203,196,212,213,184,167,202,219,210,177,119,26,86,200,209,201,153,112,113,111,110,109,107,105,103,103,106,101,87,89,88,88,91,83,86,90,95,93,90,84,92,90,94,95,96,95,98,92,96,95,99,101,99,103,101,95,97,99,100,105,108,107,107,106,106,109,107,104,105,106,103,103,102,106,104,104,99,100,101,110,111,110,111,110,108,106,106,102,105,112,113,113,117,110,113,112,109,109,113,110,107,106,109,103,100,106,105,99,102,103,109,109,108,108,105,108,107,104,102,98,101,97,94,92,94,90,91,98,99,101,103,96,98,94,91,92,90,90,90,89,87,82,82,85,87,88,86,93,95,96,100,108,106,96,93,88,80,75,77,79,77,78,80,79,76,74,76,72,68,64,65,68,66,65,67,69,67,64,68,62,59,61,62,64,62,62,62,61,61,60,57,59,60,58,59,58,59,57,55,52,54,54,54,53,52,52,50,53,52,44,44,48,44,41,40,43,42,41,40,36,34,39,36,30,30,31,33,34,30,31,34,32,31,30
105,103,105,106,106,106,108,108,108,108,110,110,111,113,114,115,115,115,117,117,119,122,123,123,126,127,128,130,131,133,134,135,137,137,137,137,138,138,140,142,143,144,145,147,148,149,150,152,153,153,154,154,155,156,156,157,158,159,160,162,162,160,161,163,165,166,167,168,168,169,169,169,171,172,173,175,176,176,176,179,181,182,185,185,187,191,201,196,209,212,197,167,188,215,222,185,162,49,43,163,212,201,185,119,112,110,111,109,107,107,100,101,106,111,96,84,84,86,94,88,85,92,88,90,89,86,97,100,98,94,90,96,99,94,94,94,100,111,103,101,98,96,96,100,102,104,103,105,105,107,109,105,101,103,108,110,109,102,97,108,108,103,99,101,103,101,102,103,110,110,109,107,109,108,106,108,115,117,115,116,113,107,114,108,105,104,107,104,111,106,99,101,101,104,106,105,101,104,107,104,103,103,106,106,102,101,94,95,96,96,93,89,92,100,102,101,95,98,97,93,90,90,87,88,92,89,87,84,83,82,83,87,94,94,88,89,98,105,99,98,95,97,91,83,74,76,78,75,73,76,76,73,74,70,66,66,66,68,69,68,67,65,61,65,64,62,61,58,57,58,58,59,60,61,62,59,58,58,59,60,56,55,55,55,54,52,52,54,52,51,53,50,53,50,49,48,47,49,44,46,43,41,41,39,36,35,32,36,36,31,35,28,29,32,33,33,27,25,26,27
104,102,104,106,106,106,108,108,108,108,110,110,111,112,113,114,115,116,117,118,120,123,125,125,125,127,128,129,131,132,133,135,137,137,137,137,138,138,139,141,142,143,145,146,147,149,150,151,153,153,153,154,155,156,156,157,157,158,160,161,161,160,161,164,164,165,166,167,168,168,169,169,170,172,173,174,175,175,176,178,181,182,183,184,186,191,195,200,197,210,208,178,171,212,221,201,177,95,26,108,205,202,200,150,112,113,112,109,107,108,101,102,104,110,101,84,81,80,77,86,91,88,85,89,91,89,92,95,93,93,97,96,93,98,102,97,102,105,95,97,96,96,100,99,106,104,103,105,103,105,105,103,99,100,103,105,106,103,105,113,111,96,94,103,106,106,98,107,104,104,106,101,105,111,107,100,109,115,109,117,112,113,110,112,108,105,105,102,108,103,96,98,97,97,101,106,108,108,106,100,103,107,99,109,104,98,98,98,102,97,95,97,96,98,104,98,93,98,93,89,88,91,91,89,88,87,85,90,86,81,80,85,84,83,82,86,92,95,96,98,100,99,96,87,81,74,74,78,76,73,73,87,81,70,65,69,67,67,68,68,64,63,68,66,61,64,60,58,57,57,59,59,58,57,58,60,61,59,58,58,57,55,57,58,56,54,54,54,50,48,52,52,50,48,48,49,48,47,45,45,43,43,41,36,35,37,35,36,37,32,35,30,30,35,34,30,27,26,26,27
104,102,104,106,106,106,108,108,108,108,110,110,111,112,113,115,116,117,118,119,120,122,124,124,125,126,128,129,130,131,132,133,135,135,135,135,137,137,139,141,142,143,145,146,147,148,150,151,152,153,153,154,155,156,156,157,157,158,160,161,160,159,161,164,163,164,165,166,167,168,168,169,170,171,173,174,175,175,176,177,180,181,182,183,185,187,191,202,194,208,211,189,165,197,216,217,179,146,33,54,172,209,203,186,115,113,110,110,108,108,103,102,103,107,106,90,82,82,80,77,90,98,84,85,89,92,95,94,91,93,96,92,91,95,98,95,97,96,92,105,101,104,101,100,103,102,105,103,104,107,101,101,98,99,102,103,103,103,108,110,104,99,99,99,103,111,109,103,105,102,105,105,102,105,102,102,107,111,112,112,107,110,108,110,106,106,104,106,108,103,96,99,108,103,102,105,107,108,108,103,103,104,103,98,98,100,104,99,93,94,96,95,96,96,102,102,98,97,101,93,88,86,87,90,85,88,86,88,84,79,78,82,82,81,85,87,85,90,95,100,106,100,95,89,90,82,78,78,77,75,73,85,77,70,68,70,71,69,68,67,67,65,66,59,59,63,59,57,57,57,59,59,61,58,55,57,63,60,57,59,66,54,51,56,56,56,56,55,53,49,50,49,46,46,48,49,49,46,46,44,44,44,42,37,37,38,37,39,35,35,36,34,34,32,30,32,29,26,27,29
103,101,104,105,106,106,108,108,108,108,110,110,111,113,114,116,117,117,119,119,119,120,121,122,124,126,127,128,129,130,131,133,135,135,135,135,137,137,138,140,142,143,144,145,146,148,149,150,152,152,152,153,155,156,156,157,157,158,159,160,159,158,161,164,162,163,165,166,167,167,167,168,169,171,172,173,174,174,175,177,179,180,182,183,184,184,190,199,194,203,211,199,169,179,212,219,190,174,73,27,113,203,208,203,145,107,109,110,109,108,105,103,103,104,109,97,84,84,82,80,83,96,91,89,83,87,100,97,96,97,92,90,92,88,88,87,92,93,96,114,101,99,100,98,94,92,99,98,99,104,100,106,97,99,103,104,102,102,107,102,100,102,100,97,102,106,105,101,104,106,104,101,98,106,107,107,108,106,115,122,107,104,115,112,103,105,105,111,110,105,99,102,108,103,100,101,98,102,109,109,104,102,101,98,97,96,97,102,102,101,98,95,95,99,97,91,94,94,98,93,86,84,85,86,87,87,87,82,83,81,80,82,83,81,83,77,79,90,89,95,99,97,92,94,92,91,86,74,78,83,81,72,71,68,67,69,69,68,67,68,66,65,59,57,58,60,61,55,56,58,59,59,57,57,55,56,61,57,55,57,63,55,51,51,53,54,53,52,51,51,53,51,45,45,47,47,50,46,46,44,43,41,41,38,40,42,39,38,33,38,38,35,32,32,32,32,30,26,27,29
103,101,102,104,106,106,106,106,107,110,111,111,112,113,114,116,117,117,117,117,118,119,120,121,122,125,127,128,129,129,130,131,133,134,134,134,137,138,140,141,141,143,144,145,146,147,148,150,150,151,151,151,154,154,155,155,157,158,158,158,158,158,159,160,162,165,165,164,165,166,166,166,169,171,172,173,173,174,175,177,177,179,182,184,184,184,188,194,200,193,210,206,179,165,204,215,207,178,129,27,67,179,213,214,182,112,109,109,109,109,108,107,102,103,108,107,88,84,80,79,84,93,96,84,79,80,94,94,93,88,103,91,83,93,96,94,95,97,97,96,91,93,95,94,96,95,94,98,98,99,94,102,101,101,109,103,101,102,103,104,109,100,103,104,103,100,104,102,103,105,98,100,103,102,106,111,106,103,105,104,103,103,106,104,102,102,103,105,103,104,104,101,100,95,93,95,96,97,102,102,103,105,105,105,105,94,95,99,107,100,99,95,96,92,95,93,91,90,89,89,85,85,87,89,88,86,86,85,86,83,84,85,81,84,86,79,77,81,76,81,86,98,95,96,97,93,88,81,75,77,80,75,72,68,68,67,65,66,67,69,62,62,62,60,58,59,57,52,53,57,57,56,53,57,59,55,53,51,54,52,52,51,50,49,52,52,53,54,58,55,55,54,48,45,47,45,45,44,43,43,42,40,41,42,40,40,40,38,39,39,37,33,32,33,32,32,30,26,25,27
103,101,101,104,107,107,107,107,107,109,111,111,112,113,114,116,117,117,117,117,117,119,120,121,122,124,126,126,128,129,129,131,132,133,133,134,136,137,139,140,141,142,143,145,145,146,148,149,150,150,150,151,153,153,154,154,157,157,158,158,158,158,158,159,161,162,163,163,164,165,165,166,168,169,171,172,172,173,175,176,177,178,181,183,182,183,186,191,200,195,205,212,193,166,186,212,219,178,169,52,34,137,208,211,205,134,109,111,109,109,107,107,103,102,112,110,98,83,82,80,77,85,96,82,78,80,95,94,85,91,101,84,84,94,98,96,94,98,95,89,94,91,93,99,99,103,99,95,98,99,97,105,104,102,101,103,106,107,105,101,100,99,99,103,103,102,104,103,102,102,99,102,102,104,109,111,103,103,105,102,102,98,101,107,102,104,102,96,97,101,104,101,100,98,98,101,104,101,101,98,101,105,106,106,106,97,96,98,101,99,101,97,97,93,89,93,92,88,84,83,83,83,85,88,84,83,83,81,79,81,88,91,86,84,85,82,81,80,75,79,82,84,93,98,101,95,85,84,83,79,77,73,70,70,69,70,67,64,69,72,63,60,62,63,57,58,57,53,52,56,55,53,55,58,54,57,54,52,55,53,51,51,51,50,50,50,51,52,57,56,55,51,47,49,46,45,45,44,43,42,40,40,42,41,39,39,40,40,40,38,38,37,33,33,32,32,32,28,26,29
102,100,101,103,106,106,106,106,107,109,110,110,111,113,113,115,115,115,115,115,117,118,119,121,122,124,124,123,127,129,130,130,132,133,133,133,135,135,136,138,140,141,142,143,145,146,148,149,149,149,150,150,152,152,152,153,156,157,157,157,158,157,157,159,160,160,160,162,164,165,165,165,166,167,169,170,172,173,175,176,175,177,180,181,181,181,185,188,196,197,197,211,201,174,169,208,214,199,176,105,20,90,196,210,199,165,110,112,108,109,107,107,105,103,114,113,104,86,82,80,81,88,97,82,82,81,97,95,83,100,97,88,86,92,94,94,91,96,97,93,94,92,90,90,95,101,99,100,99,98,100,104,105,108,102,101,103,105,105,102,98,103,100,102,105,109,105,99,99,95,98,99,99,102,106,107,101,104,102,101,100,101,106,106,101,105,105,101,100,99,98,99,99,98,98,101,104,96,97,101,102,100,101,103,103,99,95,100,96,96,101,95,91,93,88,90,89,87,87,88,84,83,84,85,82,81,81,81,81,81,84,85,84,80,82,81,80,77,77,79,74,80,85,94,95,89,91,92,87,81,77,72,67,67,71,81,74,70,66,69,65,61,59,56,53,57,57,56,55,59,57,55,56,54,51,54,52,51,54,53,50,49,49,49,49,49,48,48,49,52,54,54,51,50,44,44,46,45,44,43,39,42,46,44,41,38,38,40,39,37,38,36,30,31,30,32,34,31,30,32
101,100,101,103,103,103,103,103,106,108,110,110,111,112,113,114,115,115,115,115,116,118,119,120,122,123,123,122,127,128,129,130,132,132,133,133,133,134,135,138,139,140,142,143,144,146,147,148,149,149,150,150,151,152,152,152,156,156,157,157,157,157,157,159,160,160,160,162,164,164,165,165,165,166,167,169,171,173,174,175,175,176,179,181,181,181,184,188,191,200,192,208,208,186,159,195,211,212,178,157,41,45,164,213,198,193,126,109,109,109,107,107,108,105,108,113,105,95,84,81,82,92,98,88,90,82,94,91,82,102,87,94,90,92,92,92,92,90,90,94,99,95,94,97,99,102,111,100,97,96,98,100,105,102,98,100,103,102,101,100,98,101,99,98,111,105,102,103,102,95,99,99,99,100,101,103,103,105,101,102,98,99,106,109,101,100,100,101,106,100,98,104,104,99,96,99,98,97,101,102,100,100,102,104,97,96,103,98,95,95,97,94,95,89,87,90,88,88,87,88,87,85,84,84,85,84,86,85,82,80,79,77,84,81,84,83,76,71,73,78,79,73,84,93,89,89,91,96,89,81,80,79,67,68,71,71,69,68,69,67,64,62,60,56,54,57,56,54,57,60,59,57,54,49,51,48,48,48,52,50,46,46,46,47,50,48,46,44,48,50,50,53,53,46,45,45,46,45,44,43,41,46,51,49,45,41,39,39,37,37,36,32,28,29,28,30,35,32,31,33
99,99,101,104,104,104,103,103,104,106,107,107,110,111,111,111,114,115,115,115,117,118,120,121,122,123,123,124,125,127,128,128,129,131,132,133,133,134,135,136,137,139,141,142,143,144,145,147,149,150,151,151,151,151,152,152,154,155,156,157,157,157,158,159,160,160,160,161,163,164,164,164,165,166,167,168,170,171,171,171,174,176,177,178,180,181,181,184,188,200,192,202,211,197,164,175,211,214,189,175,85,22,110,202,206,203,165,109,109,109,108,107,106,104,103,104,103,100,88,82,81,85,98,89,88,83,100,96,95,99,86,92,93,93,94,94,96,95,93,95,95,95,95,99,102,106,108,100,95,94,96,94,98,100,102,98,100,101,98,94,96,98,101,99,101,100,101,103,104,101,103,101,101,107,103,107,103,103,104,104,101,102,101,103,102,102,103,102,102,102,101,103,105,103,97,99,96,98,102,98,99,100,98,104,100,94,101,93,93,93,94,95,98,87,86,89,90,90,89,83,86,88,82,82,83,83,82,82,81,82,83,84,86,78,79,83,78,74,72,77,78,74,78,78,87,90,90,99,91,86,87,82,73,70,67,65,67,70,83,71,59,61,68,64,58,57,55,53,53,54,53,57,51,53,54,51,53,50,49,49,49,47,46,47,48,47,46,45,49,47,46,46,47,47,45,47,45,44,45,41,42,42,44,46,51,50,45,40,38,37,34,31,30,31,29,30,33,32,29,30
98,99,101,104,104,104,103,103,104,106,107,107,110,110,110,111,113,114,115,115,117,118,120,121,122,122,123,124,125,127,128,128,129,131,132,133,133,134,135,136,137,138,140,142,142,144,145,146,149,150,150,150,151,151,152,152,153,154,157,157,156,157,158,159,159,160,160,160,162,163,164,164,165,166,167,168,169,170,170,171,173,174,175,177,179,180,181,183,186,195,196,194,209,206,177,162,203,208,209,173,142,31,59,180,208,200,194,121,108,108,108,108,107,105,102,101,101,100,96,82,78,93,90,86,85,84,97,93,100,90,86,90,101,101,97,95,90,91,97,91,88,91,93,93,95,105,105,97,95,94,101,101,96,103,105,98,97,97,96,96,101,103,99,102,99,100,101,107,104,103,105,104,105,103,104,107,104,103,102,102,103,104,100,100,103,107,104,105,99,99,97,96,101,102,97,95,97,100,99,94,99,100,99,103,100,100,97,95,96,92,91,94,95,96,87,84,91,97,92,86,89,89,86,85,84,81,79,82,85,85,87,88,84,79,80,80,80,76,74,77,74,73,74,70,81,83,84,90,95,94,90,84,80,74,70,65,65,66,68,64,58,62,68,63,58,59,57,53,55,55,55,56,52,58,58,53,52,46,46,53,51,48,46,47,41,42,46,48,50,48,44,42,48,51,43,45,41,44,48,43,40,37,38,42,42,46,45,39,42,40,37,33,29,31,29,27,29,30,27,25
98,99,100,103,103,103,102,102,104,106,107,107,109,109,110,111,113,114,114,115,117,118,120,121,120,121,122,123,124,127,128,128,130,131,131,131,132,133,134,135,137,138,140,141,142,143,144,146,148,148,149,149,150,151,151,151,153,154,156,157,156,156,158,158,158,158,158,159,162,163,163,163,165,166,167,167,169,170,170,170,171,172,174,175,178,179,179,182,186,189,197,189,207,207,187,162,184,211,214,181,172,64,28,133,205,206,204,151,105,108,108,108,108,105,102,100,99,101,101,87,78,94,85,84,85,87,94,93,100,84,83,84,94,98,90,95,90,93,100,96,96,91,96,95,100,98,95,95,99,101,96,99,101,102,94,99,99,99,100,100,98,103,104,109,103,105,101,107,103,103,106,103,106,106,110,103,100,99,98,99,101,103,101,101,100,104,103,102,103,101,98,98,93,97,98,94,98,103,99,96,99,99,101,99,92,97,97,99,94,90,90,92,92,97,90,82,85,105,94,88,87,84,84,83,85,89,86,80,81,80,82,84,84,80,81,79,79,74,80,79,72,73,76,74,69,72,79,83,89,95,95,94,88,79,75,64,64,63,64,69,70,63,59,60,60,59,57,55,58,57,57,53,50,56,57,51,47,49,51,51,48,45,45,46,43,43,44,44,47,47,47,47,47,46,47,47,42,39,42,44,42,38,35,36,38,37,39,43,42,41,40,36,32,33,30,28,25,27,29,29
97,98,100,103,103,103,102,102,104,106,107,107,109,109,110,110,113,113,113,114,117,118,120,121,120,120,122,122,124,127,128,128,130,130,131,131,131,133,134,135,136,137,139,141,141,143,144,145,147,147,148,148,150,150,150,151,152,154,155,156,155,156,157,157,157,157,158,159,162,162,162,163,164,165,166,167,169,169,170,170,170,171,172,174,176,178,178,181,184,185,196,192,201,207,198,169,167,206,212,200,176,120,22,73,179,207,209,187,109,106,108,109,106,106,104,100,98,100,100,94,85,89,84,80,82,85,91,98,93,82,79,80,90,84,84,85,91,93,94,99,99,103,98,96,98,93,91,96,98,99,94,96,97,92,96,98,97,99,100,97,95,97,100,96,107,109,100,103,102,102,105,101,105,105,104,102,99,97,98,101,102,103,98,98,100,101,107,101,102,102,100,100,97,97,97,94,98,104,100,102,97,94,98,95,93,93,92,92,89,89,89,90,92,91,91,87,86,85,83,94,90,86,89,85,86,86,83,81,82,81,81,84,84,80,80,77,80,80,75,79,78,75,76,76,67,69,77,75,77,87,93,102,92,83,83,71,69,64,67,70,67,64,60,62,62,58,56,57,57,55,54,49,50,54,54,51,49,50,51,52,46,45,46,50,46,45,45,45,43,44,45,42,46,48,42,43,43,42,43,40,39,41,41,38,35,37,41,42,41,41,38,36,37,36,32,31,29,27,31,32
96,97,99,100,102,102,102,101,103,103,104,106,109,109,110,110,112,112,113,114,116,116,118,118,120,120,122,122,124,125,126,128,130,130,130,130,131,132,134,136,134,134,137,139,141,142,143,145,146,146,146,146,148,145,148,152,152,152,153,154,153,153,155,155,158,158,158,158,158,159,160,162,163,163,164,166,167,168,168,168,170,171,172,174,175,176,177,179,181,184,191,195,190,204,206,181,160,191,209,211,175,163,47,35,146,208,206,199,136,106,106,107,106,105,103,102,97,98,100,100,96,81,79,80,86,80,93,105,86,84,82,83,86,81,86,84,89,87,85,87,90,99,94,94,92,94,95,95,97,89,89,97,95,92,96,95,95,96,98,98,92,95,98,97,102,98,103,105,101,101,103,99,100,100,102,100,101,99,99,100,100,99,97,96,96,99,103,100,98,97,97,100,97,95,91,95,97,98,98,103,96,90,93,95,97,94,88,87,89,90,89,91,91,87,87,86,86,87,92,84,81,84,87,87,81,80,82,92,85,80,76,77,82,83,78,74,81,87,79,81,80,75,74,70,66,71,75,75,73,81,85,90,91,82,82,80,75,72,68,66,64,59,58,66,64,59,55,55,54,54,55,51,52,54,53,51,49,49,49,47,47,46,46,50,47,44,44,44,41,41,42,40,44,46,37,40,42,46,46,42,38,42,44,43,37,40,41,38,38,37,35,35,34,32,29,31,31,23,25,26
96,97,99,100,101,102,101,100,102,104,105,105,109,109,110,110,112,111,112,114,116,116,118,118,120,120,122,122,123,125,126,127,130,130,130,130,129,129,132,133,134,134,137,139,140,141,143,144,145,145,147,147,147,142,142,149,151,151,153,153,153,153,155,155,157,157,157,157,157,158,160,161,161,161,163,165,166,167,167,168,169,171,172,173,174,176,177,178,181,181,188,196,186,203,206,190,163,172,206,212,191,172,101,20,91,192,205,195,173,108,108,105,106,105,103,102,99,97,99,101,95,80,79,86,86,82,105,99,87,85,81,80,81,85,92,93,84,81,88,88,95,97,92,90,97,105,95,95,95,89,89,93,91,91,90,95,91,95,102,97,95,95,97,96,99,98,101,103,102,104,101,103,103,101,102,102,98,100,100,96,91,94,96,95,94,96,94,97,98,95,98,100,97,96,92,97,97,96,95,98,97,92,94,96,98,92,94,94,90,90,94,95,89,90,89,84,87,91,87,78,82,85,85,85,80,80,83,85,82,78,75,76,81,82,78,75,76,77,82,78,70,75,74,71,73,70,71,72,75,81,81,82,89,86,90,93,86,80,70,63,59,56,54,58,63,60,56,55,53,54,54,50,52,51,49,51,49,48,56,53,46,47,46,47,47,45,43,43,41,41,44,46,48,43,42,42,45,45,44,44,45,43,39,38,39,41,41,38,37,33,34,37,34,29,28,30,28,22,21,22
96,97,99,100,101,102,101,100,100,104,106,106,108,109,109,110,112,111,111,113,116,116,118,118,120,120,122,122,123,124,126,127,128,128,128,128,128,128,129,132,134,135,137,139,140,141,143,144,144,145,147,148,146,141,138,145,151,152,153,153,153,153,155,155,157,157,157,157,157,158,159,160,160,160,161,164,166,167,167,168,169,170,172,173,174,175,176,178,180,179,184,193,191,200,207,202,170,163,199,206,210,170,150,36,46,158,204,195,182,127,103,106,106,105,103,102,100,96,98,101,100,86,77,81,84,87,96,85,83,83,82,82,83,85,87,92,91,85,91,93,88,89,91,89,86,93,97,95,92,92,91,90,90,90,89,96,93,92,98,99,93,88,100,97,95,95,106,104,100,105,113,104,102,103,101,101,99,102,100,96,94,95,96,95,96,99,100,105,97,94,101,99,91,98,96,101,92,92,96,99,96,92,94,93,92,94,99,95,97,93,89,86,88,91,89,85,80,86,95,85,83,84,83,82,80,81,86,83,78,76,75,76,80,79,75,73,78,80,77,78,80,74,72,76,75,72,74,73,71,72,73,81,89,91,90,86,90,81,74,72,58,58,57,59,62,58,54,55,52,52,52,49,51,48,47,50,52,47,77,84,50,43,42,45,46,45,43,42,43,43,43,42,39,38,46,45,46,44,42,42,43,41,39,40,40,41,40,39,37,34,34,38,36,30,28,32,31,28,25,27
96,97,99,100,101,101,101,99,100,104,106,106,108,108,109,109,111,111,111,113,116,116,118,118,120,120,122,122,122,124,125,126,128,128,128,128,129,129,129,132,134,135,137,139,139,141,142,143,143,145,147,149,147,144,140,144,150,151,152,153,153,153,155,155,156,156,156,156,156,158,159,160,159,159,160,163,166,166,166,167,168,170,171,172,173,175,176,177,178,179,183,188,194,189,203,203,183,159,183,206,211,182,172,76,21,114,197,199,190,163,104,106,106,105,103,102,102,96,97,100,101,95,86,87,96,92,84,82,84,82,81,81,84,83,82,91,95,87,84,91,87,90,95,91,83,86,91,90,88,92,94,92,89,86,91,94,89,94,93,95,93,91,96,96,96,100,107,105,92,99,104,102,98,103,101,96,100,100,98,94,95,95,97,99,97,96,99,99,97,95,104,98,91,102,98,97,91,92,96,97,93,90,92,89,93,100,97,90,97,95,84,86,91,89,86,87,82,84,90,85,81,81,80,77,75,75,83,82,77,75,74,76,81,79,75,73,77,79,76,80,73,66,72,67,66,71,77,72,68,64,64,74,81,85,83,80,90,87,84,77,65,61,55,54,58,53,50,54,52,49,49,49,48,47,46,48,49,54,55,60,50,44,43,42,46,45,43,40,38,42,44,40,37,38,42,45,47,46,44,41,40,40,40,40,37,37,37,38,39,38,36,37,35,29,28,31,34,31,25,31
96,97,98,99,99,101,99,100,102,106,104,104,107,107,108,109,110,110,112,114,114,115,116,118,119,120,121,123,124,124,125,125,128,128,128,127,128,129,130,131,133,135,136,138,139,140,141,142,141,142,144,147,148,146,142,143,148,149,150,149,152,154,154,156,157,157,155,155,157,159,160,160,159,160,161,163,164,165,165,165,166,168,169,170,171,172,173,175,178,179,181,184,192,187,199,204,192,163,166,205,210,198,173,129,25,63,176,206,201,193,124,104,104,102,102,104,103,98,96,99,102,100,80,73,73,75,84,86,80,78,82,82,83,80,86,100,93,87,89,92,86,89,93,93,87,87,88,85,85,98,96,91,87,85,89,95,91,91,96,97,92,91,94,95,98,103,99,96,96,102,103,104,101,96,94,96,94,96,97,93,94,94,98,100,97,94,94,89,91,96,102,100,92,98,95,95,88,91,95,96,92,92,92,88,89,92,90,91,98,89,84,87,89,87,83,84,87,83,82,86,90,91,87,80,77,77,77,78,83,76,75,77,78,79,82,79,77,77,76,75,70,69,73,67,64,65,67,69,66,64,63,66,70,75,83,85,84,84,81,72,73,69,61,56,51,47,44,49,55,52,50,50,48,51,48,44,50,54,47,43,42,46,43,40,43,47,44,41,38,38,39,40,44,40,38,41,45,44,42,41,38,40,38,38,35,36,35,33,38,38,36,36,32,34,30,29,27,24,25,25
96,97,98,98,99,100,98,100,105,107,104,105,106,107,108,109,110,110,111,113,113,114,116,117,118,119,121,122,124,124,125,125,127,127,127,128,129,130,131,132,133,135,135,137,138,139,142,142,141,142,144,145,146,145,142,142,147,148,148,147,149,152,152,153,156,155,154,154,155,156,157,157,158,160,161,162,163,164,164,165,166,167,168,169,170,171,173,174,177,177,180,183,190,192,191,207,201,175,157,189,207,212,172,164,55,28,134,202,200,203,159,102,104,102,102,104,103,99,97,97,99,100,89,83,78,76,81,81,83,80,81,86,87,81,91,100,92,90,94,98,87,87,88,89,93,91,89,89,98,109,94,96,95,91,87,91,91,88,96,97,92,91,94,95,90,98,95,91,100,100,99,106,99,94,93,95,97,96,95,94,92,92,93,94,99,97,97,97,94,93,97,101,98,96,97,95,88,96,93,94,95,94,92,88,87,87,88,91,93,88,85,85,85,86,85,90,89,85,84,87,89,89,83,76,78,79,76,74,75,78,79,76,76,77,74,76,75,74,77,72,71,68,66,69,72,68,65,64,65,64,61,59,62,68,76,76,78,84,83,75,76,74,68,60,54,54,52,56,69,63,50,50,50,51,47,43,46,47,49,45,41,43,44,43,42,46,42,45,49,39,36,41,44,42,38,36,38,39,40,40,40,40,37,40,38,37,37,37,38,35,38,34,31,31,29,32,34,29,26,24
96,97,97,97,98,100,98,99,105,105,103,106,106,106,108,108,109,110,112,113,113,113,116,117,118,119,121,122,123,124,124,125,126,126,127,128,129,130,131,132,133,135,135,137,138,139,141,142,141,142,143,144,148,147,141,138,148,149,149,148,149,150,150,152,155,154,153,152,156,157,158,159,158,158,161,162,163,164,164,164,165,166,167,168,170,171,173,174,174,175,178,181,187,194,187,202,203,187,159,174,204,209,191,172,109,19,80,184,199,190,182,116,103,103,102,102,102,100,98,96,99,99,95,86,81,76,76,77,85,85,82,86,85,83,90,89,85,86,90,92,79,80,85,90,95,94,93,94,96,98,93,98,90,91,91,88,89,88,91,88,89,92,96,94,91,94,91,92,100,100,98,102,103,98,95,97,100,94,92,96,90,90,90,93,100,101,96,96,96,95,96,94,94,96,97,93,88,95,88,85,92,92,92,92,91,88,86,85,87,89,89,86,83,90,90,90,87,86,84,83,81,81,78,75,75,75,73,71,70,73,75,73,75,75,71,75,75,69,74,77,67,64,68,71,73,69,63,62,63,64,64,63,60,63,68,69,74,80,80,80,78,71,66,61,59,59,58,63,66,60,53,55,49,46,45,48,49,50,44,46,46,41,43,43,42,40,38,42,43,39,36,35,42,41,37,32,32,36,40,41,41,41,38,42,42,40,39,38,35,33,36,31,30,33,31,31,36,32,29,27
97,96,96,96,98,99,97,99,103,102,101,104,105,106,107,108,109,109,110,112,113,114,115,116,117,119,120,121,123,123,123,124,125,126,127,128,129,129,130,131,133,134,135,136,138,139,140,141,141,142,143,144,145,146,143,142,146,147,147,147,150,152,152,153,153,153,151,151,154,154,156,157,157,159,160,161,163,163,164,164,164,165,166,168,169,171,172,173,173,173,176,179,184,190,189,195,205,193,166,160,195,206,206,169,156,39,35,144,200,189,188,146,102,104,102,102,101,101,99,96,96,97,100,91,77,72,75,79,72,81,83,89,88,82,81,83,83,84,85,85,79,85,90,93,98,89,87,93,90,92,92,95,93,86,92,88,86,89,92,85,88,92,96,95,94,99,95,92,97,107,104,97,105,99,94,94,97,103,99,92,89,88,91,98,100,102,92,88,92,89,91,96,102,97,91,98,103,92,86,91,93,90,89,88,88,86,87,83,83,86,88,88,92,90,86,89,85,86,83,77,79,81,79,75,73,72,71,73,75,70,70,73,74,73,75,75,74,73,70,70,69,74,69,69,72,69,66,66,65,64,64,66,63,60,62,64,65,68,66,77,76,78,81,73,68,62,52,54,59,50,48,49,50,46,42,46,45,45,45,48,46,37,43,46,48,36,39,38,38,36,37,39,41,39,35,34,37,39,38,35,37,39,37,38,39,40,36,32,32,34,33,31,33,32,28,31,30,27,28,28
95,94,94,95,94,98,97,99,101,101,102,104,104,104,105,106,108,107,108,109,112,114,113,114,115,117,120,121,120,120,122,122,124,126,126,126,128,129,129,130,132,133,134,135,136,136,137,139,140,141,142,143,143,143,143,143,144,145,146,146,150,151,152,153,151,151,151,150,151,152,151,154,158,159,159,160,162,162,164,164,164,164,165,165,168,170,171,172,171,172,175,176,181,186,190,188,202,199,178,152,181,203,207,177,172,82,16,97,192,195,184,174,109,103,103,102,100,100,100,97,95,95,98,97,79,73,71,76,78,77,79,85,81,76,83,82,78,83,86,86,84,89,84,90,97,91,86,89,92,89,89,90,92,90,88,87,89,92,93,90,90,91,89,95,95,93,94,93,95,101,97,95,97,97,95,88,92,95,97,88,87,87,94,97,93,94,96,90,91,90,91,95,98,96,91,94,96,89,89,96,92,85,87,88,87,88,88,87,88,89,83,87,95,91,83,87,83,82,80,78,80,83,76,73,72,72,72,72,75,73,72,70,70,73,71,70,72,69,64,64,70,77,70,69,73,68,68,68,66,65,63,65,64,60,58,60,60,63,63,66,75,79,85,85,74,70,62,54,52,48,48,50,52,50,44,45,46,48,45,44,46,41,45,52,44,37,41,36,37,35,34,36,35,37,35,35,36,34,34,37,34,34,37,37,36,38,37,33,33,33,33,35,38,34,31,32,29,23,25,29
95,94,94,95,93,97,96,98,100,100,101,103,104,103,104,105,108,107,108,109,112,114,113,114,116,118,121,122,120,120,122,122,124,126,126,125,127,128,128,128,131,132,133,134,136,136,137,138,139,140,142,143,143,143,143,143,145,147,148,148,149,150,151,152,151,150,150,149,151,152,151,154,157,158,158,158,160,161,162,164,164,164,164,165,167,168,170,171,170,171,173,174,180,183,192,187,200,204,187,159,164,200,206,198,163,135,29,47,153,191,189,187,138,101,102,103,101,101,100,98,95,93,95,96,87,76,75,76,81,78,80,85,83,78,82,80,82,80,81,87,87,83,81,84,91,91,89,88,92,94,88,87,88,87,86,88,90,90,90,90,90,91,89,95,97,93,94,96,96,102,101,99,96,97,96,94,96,91,95,93,91,90,92,91,87,88,94,92,90,91,94,97,98,98,97,97,97,94,91,90,86,85,87,88,87,85,83,84,86,90,83,91,94,93,86,86,80,81,82,83,80,82,80,77,77,73,71,72,73,72,67,69,72,73,71,68,67,66,66,69,68,65,65,68,65,66,68,75,65,62,60,62,62,60,59,62,61,63,65,64,75,77,79,84,77,71,67,56,53,55,51,49,53,51,48,50,48,45,42,42,42,39,43,48,42,41,39,38,37,37,36,34,34,35,34,37,37,34,34,37,31,30,33,34,36,36,36,35,37,36,34,33,35,34,32,33,30,27,28,28
93,94,94,93,93,97,96,98,100,100,101,103,104,103,104,105,108,107,108,109,111,113,113,113,115,118,121,122,120,120,122,122,124,125,126,125,126,126,126,127,129,130,133,134,134,134,135,137,139,140,142,143,143,143,143,143,144,146,148,149,148,149,150,151,151,150,149,149,151,152,151,154,156,156,157,157,158,160,161,162,163,164,164,164,165,166,168,169,170,171,172,174,176,179,190,186,192,204,196,170,156,191,202,208,165,167,60,20,106,188,195,187,171,105,102,101,101,101,100,99,96,93,94,96,94,80,73,74,78,77,80,86,84,87,87,83,84,84,81,78,82,87,88,85,84,95,96,90,91,86,84,81,84,85,86,88,87,86,88,90,91,91,90,93,93,92,92,93,93,97,96,93,94,97,95,96,94,95,102,99,97,90,88,95,89,87,96,100,93,92,91,90,91,92,95,95,96,97,92,86,88,94,85,87,90,83,80,85,87,89,85,90,94,89,86,88,78,81,86,88,80,80,84,83,77,72,70,71,69,66,71,73,73,73,71,67,65,66,67,70,71,67,70,71,67,67,63,65,62,60,62,64,62,59,59,61,60,59,55,61,67,66,76,81,73,72,66,63,61,53,51,52,56,50,45,46,45,42,45,45,39,38,38,40,41,41,37,37,37,36,35,33,35,38,38,43,41,37,33,34,30,28,31,34,35,30,31,32,32,32,34,36,35,36,30,29,30,28,26,24
93,94,94,92,93,96,95,97,100,99,100,102,103,103,103,105,108,107,108,109,111,113,112,113,114,116,118,119,120,120,122,122,123,125,125,124,124,125,125,126,128,129,132,133,134,134,135,137,138,140,141,142,143,143,143,143,143,144,147,148,148,148,149,150,150,150,149,149,151,152,151,154,154,155,156,156,156,158,160,162,163,163,164,164,164,165,166,168,170,170,171,173,172,176,186,189,185,201,199,179,155,173,199,204,188,167,113,19,59,163,193,186,174,120,103,99,102,102,101,99,97,93,94,96,96,84,67,70,76,76,78,83,77,82,84,84,90,90,87,84,82,85,82,84,90,90,87,86,89,89,85,81,81,85,88,88,87,87,87,88,83,84,87,90,90,95,96,98,96,94,95,93,89,91,87,91,93,93,100,100,94,91,88,96,99,91,93,95,89,89,89,87,88,90,94,90,89,92,91,88,90,94,95,91,92,88,84,86,83,79,81,83,89,89,88,86,79,79,78,80,83,81,81,75,73,73,70,69,70,69,70,75,73,72,72,68,65,67,67,66,67,69,72,67,63,64,68,64,65,62,62,61,62,59,57,59,59,61,60,57,61,62,67,72,74,69,70,70,62,58,53,51,52,47,45,48,47,44,49,43,41,42,39,39,39,37,39,38,36,33,32,33,45,48,41,38,34,32,32,35,33,30,32,36,31,24,27,31,31,30,29,29,31,36,30,28,29,26,26,26
92,92,90,90,92,95,94,97,99,98,99,101,102,102,104,104,105,106,108,109,110,111,112,113,113,114,116,117,120,120,121,121,122,123,123,124,123,124,125,126,127,129,130,131,135,135,135,135,136,138,139,140,142,143,143,143,143,144,146,147,147,147,147,148,149,149,149,149,149,150,152,153,153,154,156,157,156,157,159,160,161,162,163,162,163,165,166,168,169,169,169,169,171,175,179,188,181,195,200,188,160,155,193,200,205,163,154,43,27,122,184,188,185,159,100,102,101,99,98,99,98,95,93,93,96,96,75,70,73,71,77,81,73,76,79,82,84,88,90,84,80,80,82,86,94,92,85,80,85,90,90,83,88,87,84,81,86,88,86,93,94,89,87,89,92,95,94,92,91,89,91,90,92,88,85,88,93,93,91,92,93,90,89,91,93,90,86,83,84,90,92,88,86,85,91,88,87,89,85,86,87,91,92,89,89,86,85,88,97,92,81,87,84,83,84,81,79,77,72,74,78,81,77,70,77,84,78,73,71,70,71,76,72,70,69,67,64,65,67,63,60,63,69,72,63,59,62,65,65,63,64,66,67,61,54,56,53,55,61,57,59,60,63,60,68,66,67,69,60,60,55,55,50,50,50,47,46,44,48,43,40,42,38,39,39,38,37,38,31,31,31,35,36,32,32,28,28,28,32,34,31,28,28,29,28,30,28,30,31,29,28,25,27,30,27,25,27,24,23,26
91,90,89,88,90,93,92,95,98,98,99,100,101,101,102,103,104,105,107,108,109,110,111,112,112,113,114,116,119,119,120,120,121,121,122,122,122,123,124,125,127,128,129,131,134,134,134,134,135,136,137,139,141,142,142,141,142,143,145,146,145,145,146,146,148,148,148,148,148,149,151,152,152,153,155,156,157,157,156,156,158,161,161,160,162,164,165,166,167,167,167,167,170,173,177,185,182,188,197,192,167,153,179,196,204,176,164,91,14,74,169,191,181,187,114,100,100,99,97,97,97,94,93,92,95,98,88,70,73,79,73,76,73,77,75,80,81,82,83,81,78,81,86,84,87,91,87,82,87,91,84,82,88,87,84,82,82,89,91,92,90,85,88,86,89,92,90,88,91,90,87,86,88,87,87,88,92,93,97,92,97,94,92,93,89,90,90,87,84,86,88,86,87,88,90,89,85,85,82,86,89,90,86,82,87,86,83,81,84,89,83,78,79,79,81,79,78,77,79,75,78,79,72,73,77,78,76,75,71,68,68,71,71,69,66,65,65,64,64,64,63,64,66,67,67,62,61,61,59,59,63,66,63,58,52,53,51,51,55,54,54,52,55,56,61,62,62,67,64,64,61,62,56,53,49,43,41,42,43,40,38,38,36,38,38,37,34,30,28,29,30,32,31,26,28,28,25,24,29,32,27,24,24,26,25,27,27,27,29,28,26,26,25,27,25,25,24,22,22,23
90,89,88,87,88,91,90,93,96,97,98,99,99,100,101,102,102,103,105,106,108,109,110,111,110,111,113,114,116,116,117,117,120,120,121,121,121,122,123,124,126,127,128,129,132,132,132,132,133,135,136,137,140,141,141,140,140,141,143,144,144,144,144,145,146,146,146,146,146,147,149,150,150,151,153,154,156,156,155,154,156,159,159,158,160,161,162,164,165,165,165,165,167,170,173,179,185,181,194,194,179,155,162,191,198,194,162,138,29,35,143,184,180,185,155,97,100,98,96,96,95,95,94,92,92,95,94,74,75,90,74,71,73,77,74,77,76,82,84,79,78,76,81,84,90,87,87,91,82,84,81,86,86,84,83,84,85,84,86,87,88,87,89,90,91,92,89,88,89,89,84,85,85,87,90,91,89,92,101,100,97,94,91,91,91,88,86,90,92,84,85,85,89,95,89,86,84,85,82,87,87,87,85,83,89,87,83,79,77,80,82,79,77,77,79,77,76,77,79,73,74,76,77,78,77,72,73,73,71,70,68,66,70,69,67,66,67,63,58,58,62,65,65,65,63,61,60,60,57,58,58,55,57,55,50,52,54,53,49,48,49,48,49,50,56,59,58,63,68,67,64,62,55,50,43,37,41,42,37,35,37,37,39,37,30,32,36,34,30,30,30,28,26,27,29,33,26,22,23,26,23,22,21,21,23,23,26,21,23,26,25,26,28,25,19,16,21,22,22,21
88,88,86,86,89,92,91,94,95,97,98,97,98,98,100,100,101,102,103,105,107,108,109,110,109,110,111,113,115,115,116,116,118,119,119,119,120,121,122,123,125,126,127,129,131,131,131,131,132,133,134,136,138,140,140,139,139,140,142,143,142,143,143,144,145,145,145,145,145,146,148,149,149,150,152,153,153,153,155,155,155,157,157,156,158,160,161,162,163,163,163,163,164,168,170,174,185,176,193,196,189,160,153,189,197,201,161,163,61,16,110,175,189,188,179,103,99,97,95,94,95,95,93,91,92,94,93,81,62,64,72,73,73,75,75,77,80,81,82,80,78,80,81,81,90,86,87,93,84,80,84,87,83,81,82,84,85,84,87,84,88,89,87,95,96,91,88,91,91,94,88,90,83,84,89,93,91,93,95,99,95,92,88,86,91,92,92,89,88,83,87,86,90,94,86,91,86,89,86,88,90,88,85,83,88,86,82,80,82,81,86,82,76,76,78,76,75,78,73,72,79,69,76,77,73,68,73,73,69,74,72,65,67,67,66,66,64,62,59,60,66,68,63,61,60,59,55,55,57,58,58,55,55,55,52,53,54,58,51,48,48,49,47,45,51,56,53,57,65,66,68,68,59,53,48,42,39,42,37,38,37,37,40,33,32,31,38,34,32,32,33,30,27,28,45,41,32,25,22,22,27,26,23,21,24,24,29,21,18,26,25,25,30,28,22,21,21,24,25,22
